7 6 2 8 3 4 0 1 5 |456 17|89 17|395 17|
1 2 0 3 4 5 6 7 8 |3 3|3 3|3 3|
1 2 5 0 3 4 6 7 8 |7 6|7 6|6 6|
1 2 5 6 3 4 0 7 8 |8 7|8 7|7 7|
1 2 5 6 3 4 7 8 0 |10 9|10 9|9 9|
7 2 5 4 6 1 3 0 8 |426 16|109 16|365 16|
7 2 5 0 4 1 3 6 8 |448 16|146 16|393 16|
7 6 2 3 0 4 8 1 5 |599 17|169 17|520 17|
0 2 5 7 4 1 3 6 8 |616 17|170 17|543 17|
2 5 0 7 4 1 3 6 8 |607 17|162 17|529 17|
7 2 5 4 6 1 0 3 8 |604 17|117 17|521 17|
2 5 0 7 4 1 3 6 8 |607 17|162 17|529 17|
7 6 2 3 4 0 8 1 5 |825 18|194 18|712 18|
0 7 2 3 6 4 8 1 5 |1248 19|355 19|1089 19|
7 2 0 3 6 4 8 1 5 |1181 19|280 19|1002 19|
5 1 8 2 7 3 4 0 6 |6603 24|922 24|5621 24|
5 1 8 2 7 3 0 4 6 |8002 25|1093 25|6952 25|
5 1 8 2 7 3 4 6 0 |8322 25|1432 25|7239 25|
5 8 1 6 7 3 4 0 2 |11389 26|2147 26|10309 26|
5 8 7 0 4 1 6 2 3 |10196 26|1595 26|9169 26|
5 8 1 6 7 3 0 4 2 |12778 27|2765 27|11809 27|
5 8 1 6 7 3 4 2 0 |12878 27|2460 27|11826 27|
0 8 7 5 4 1 6 2 3 |11220 27|1979 27|10316 27|
5 8 7 4 1 3 0 6 2 |12302 27|2402 27|11249 27|
5 8 7 4 1 3 6 0 2 |14693 28|3882 28|13573 28|
5 8 1 0 7 3 6 4 2 |14847 28|4315 28|13953 28|
0 8 1 5 7 3 6 4 2 |17862 31|4971 29|14778 29|
8 0 1 5 7 3 6 4 2 |16995 30|6635 30|16114 30|
8 7 1 5 4 3 6 0 2 |18384 32|10116 32|17998 32|
5 8 7 4 0 1 6 2 3 |9210 25|1418 25|8155 25|
5 8 7 4 1 3 6 0 2 |14693 28|3882 28|13573 28|
7 5 8 3 0 6 1 2 4 |17016 29|3092 27|16174 29|
2 5 8 4 3 7 0 1 6 |931 19|121 19|761 19|
2 3 5 0 4 6 1 7 8 |754 18|108 18|643 18|
2 3 5 1 4 6 7 8 0 |479 17|93 17|404 17|
2 3 5 1 4 6 7 0 8 |320 16|60 16|273 16|
2 3 5 1 4 6 0 7 8 |450 17|77 17|381 17|
2 5 8 4 3 7 1 0 6 |1440 20|77 18|1245 20|
2 5 8 4 3 7 1 6 0 |924 19|41 17|797 19|
5 8 1 2 7 3 6 4 0 |12357 27|2537 27|11460 27|
5 8 1 2 7 3 6 0 4 |10772 26|1956 26|9784 26|
7 2 5 4 0 1 3 6 8 |313 15|93 15|273 15|
7 5 0 4 2 1 3 6 8 |2726 21|107 17|2376 21|
5 8 7 4 1 3 6 2 0 |-1 -1|2679 27|11001 27|
1 2 5 6 3 4 7 8 0 |10 9|10 9|9 9|
7 2 5 4 6 0 1 3 8 |329 16|54 16|275 16|
7 2 5 4 0 6 1 3 8 |499 17|65 17|433 17|
7 6 2 8 3 4 1 0 5 |707 18|107 18|613 18|
7 6 2 8 3 4 1 5 0 |931 19|115 19|791 19|
7 6 2 8 3 0 1 5 4 |1529 20|138 20|1280 20|
