temp work before logout from lib need to check 

updating course plan:cost:5288

5288 4
7 1 3 8 12 14 15 19 
5 4 6 7 11 18 
3 13 16 17 
3 2 5 20 
3330 745 783 430 
----------------------------------------------
updating course plan:cost:5170

5170 3
7 1 3 8 12 14 16 19 
5 4 6 7 11 15 
2 2 13 
2892 872 1406 
----------------------------------------------
updating course plan:cost:5035

5035 4
6 1 3 8 12 14 19 
6 4 6 7 11 15 18 
3 13 16 17 
3 2 5 20 
2703 1119 783 430 
----------------------------------------------
updating course plan:cost:4424

4424 3
6 1 3 8 12 14 19 
4 4 6 7 11 
3 13 15 16 
2703 498 1223 
----------------------------------------------
updating course plan:cost:4171

4171 3
5 3 8 12 14 19 
5 4 6 7 11 15 
3 1 13 16 
2589 872 710 
----------------------------------------------
updating course plan:cost:4123

4123 3
5 1 3 8 12 19 
5 4 6 7 11 14 
3 13 15 16 
2052 848 1223 
----------------------------------------------
updating course plan:cost:3870

3870 3
4 3 8 12 19 
6 4 6 7 11 14 15 
3 1 13 16 
1938 1222 710 
----------------------------------------------
updating course plan:cost:3724

3724 3
4 3 7 12 19 
6 4 6 8 11 14 15 
3 1 13 16 
1865 1149 710 
----------------------------------------------
