
firstScenario
updating course plan:cost:4135

4135 4
3 5 6 9 
2 2 8 
2 3 7 
3 1 4 10 
1805 770 1124 436 
----------------------------------------------
updating course plan:cost:3786

3786 4
2 5 9 
3 2 6 8 
2 3 7 
3 1 4 10 
1130 1096 1124 436 
----------------------------------------------
updating course plan:cost:3606

3606 4
2 2 9 
3 5 6 8 
2 3 7 
3 1 4 10 
1040 1006 1124 436 
----------------------------------------------
updating course plan:cost:3340

3340 4
3 2 6 9 
2 4 8 
2 3 5 
2 1 7 
1715 272 907 446 
----------------------------------------------
updating course plan:cost:2991

2991 4
2 2 9 
3 4 6 8 
2 3 5 
2 1 7 
1040 598 907 446 
----------------------------------------------
Yes! Interested course schedule found!

2991 4
2 2 9 
3 4 6 8 
2 3 5 
2 1 7 
1040 598 907 446 
----------------------------------------------
Time taken = 361

==========================================================================================================================
secondScenario
updating course plan:cost:5288

5288 4
7 1 3 8 12 14 15 19 
5 4 6 7 11 18 
3 13 16 17 
3 2 5 20 
3330 745 783 430 
----------------------------------------------
updating course plan:cost:5170

5170 3
7 1 3 8 12 14 16 19 
5 4 6 7 11 15 
2 2 13 
2892 872 1406 
----------------------------------------------
updating course plan:cost:5035

5035 4
6 1 3 8 12 14 19 
6 4 6 7 11 15 18 
3 13 16 17 
3 2 5 20 
2703 1119 783 430 
----------------------------------------------
updating course plan:cost:4424

4424 3
6 1 3 8 12 14 19 
4 4 6 7 11 
3 13 15 16 
2703 498 1223 
----------------------------------------------
updating course plan:cost:4171

4171 3
5 3 8 12 14 19 
5 4 6 7 11 15 
3 1 13 16 
2589 872 710 
----------------------------------------------
updating course plan:cost:4123

4123 3
5 1 3 8 12 19 
5 4 6 7 11 14 
3 13 15 16 
2052 848 1223 
----------------------------------------------
updating course plan:cost:3870

3870 3
4 3 8 12 19 
6 4 6 7 11 14 15 
3 1 13 16 
1938 1222 710 
----------------------------------------------
updating course plan:cost:3724

3724 3
4 3 7 12 19 
6 4 6 8 11 14 15 
3 1 13 16 
1865 1149 710 
----------------------------------------------
==========================================================================================================================
thirdScenario.txt
updating course plan:cost:4949

4949 5
4 8 12 13 21 
3 7 27 28 
3 3 20 25 
4 5 14 15 17 
3 16 22 30 
1197 711 587 1150 1304 
----------------------------------------------
updating course plan:cost:4682

4682 5
3 12 21 28 
2 8 27 
3 3 13 25 
3 7 14 15 
3 16 20 30 
1623 865 221 587 1386 
----------------------------------------------
updating course plan:cost:4634

4634 5
3 12 13 21 
3 7 27 28 
3 3 8 25 
4 5 14 15 17 
3 16 20 30 
970 711 417 1150 1386 
----------------------------------------------
updating course plan:cost:4502

4502 6
3 12 13 21 
4 7 17 27 28 
3 3 8 25 
3 14 15 29 
5 1 5 16 20 22 
2 23 30 
970 1003 417 557 1208 347 
----------------------------------------------
updating course plan:cost:4224

4224 6
3 8 12 21 
3 17 28 29 
3 3 13 25 
3 14 15 27 
5 1 5 16 20 22 
2 7 30 
1166 882 221 375 1208 372 
----------------------------------------------
updating course plan:cost:4026

4026 5
3 8 13 21 
2 12 28 
3 3 7 25 
3 14 15 27 
3 16 20 30 
628 749 888 375 1386 
----------------------------------------------
Yes! Interested course schedule found!

4026 5
3 8 13 21 
2 12 28 
3 3 7 25 
3 14 15 27 
3 16 20 30 
628 749 888 375 1386 
----------------------------------------------
Time taken = 308549
============================================================================================================================
fourthScenario.txt
updating course plan:cost:5719

5719 5
5 2 14 19 31 38 
2 12 34 
4 9 13 26 28 
4 3 17 18 35 
2 16 21 
2247 1403 646 1228 195 
----------------------------------------------
updating course plan:cost:5498

5498 5
4 2 14 19 31 
3 12 34 38 
4 9 13 26 28 
4 3 17 18 35 
2 16 21 
1636 1793 646 1228 195 
----------------------------------------------
updating course plan:cost:5487

5487 5
5 2 12 14 31 38 
2 19 34 
4 9 13 26 28 
4 3 17 18 35 
2 16 21 
2131 1287 646 1228 195 
----------------------------------------------
updating course plan:cost:5266

5266 5
4 2 12 14 31 
3 19 34 38 
4 9 13 26 28 
4 3 17 18 35 
2 16 21 
1520 1677 646 1228 195 
----------------------------------------------
updating course plan:cost:5228

5228 5
4 2 14 16 31 
3 12 19 38 
4 9 13 26 34 
4 3 17 18 35 
2 21 28 
1346 1658 490 1228 506 
----------------------------------------------
updating course plan:cost:5178

5178 4
5 14 16 19 31 38 
2 2 12 
4 9 13 21 34 
5 3 17 18 26 28 
1395 706 510 2567 
----------------------------------------------
updating course plan:cost:5138

5138 4
5 14 16 19 31 38 
2 2 12 
4 9 13 26 34 
5 3 17 18 21 28 
1395 706 490 2547 
----------------------------------------------
updating course plan:cost:5098

5098 4
4 14 19 31 38 
2 2 12 
4 9 13 16 34 
5 3 17 18 21 28 
1260 706 585 2547 
----------------------------------------------
updating course plan:cost:4434

4434 5
4 14 19 31 38 
2 2 12 
4 9 13 16 34 
5 3 17 18 28 35 
2 21 26 
1260 706 585 1783 100 
----------------------------------------------
updating course plan:cost:4325

4325 5
5 14 16 19 31 38 
2 2 12 
4 9 13 26 34 
4 3 17 18 35 
2 21 28 
1395 706 490 1228 506 
----------------------------------------------
updating course plan:cost:4213

4213 4
4 14 19 26 31 
3 2 12 38 
5 9 13 16 21 34 
5 3 17 18 28 35 
689 1096 645 1783 
----------------------------------------------
updating course plan:cost:4104

4104 5
4 14 16 19 31 
3 2 12 38 
4 9 13 26 34 
4 3 17 18 35 
2 21 28 
784 1096 490 1228 506 
----------------------------------------------
updating course plan:cost:4093

4093 5
5 12 14 16 31 38 
2 2 19 
4 9 13 26 34 
4 3 17 18 35 
2 21 28 
1279 590 490 1228 506 
----------------------------------------------
updating course plan:cost:3981

3981 4
4 12 14 26 31 
3 2 19 38 
5 9 13 16 21 34 
5 3 17 18 28 35 
573 980 645 1783 
----------------------------------------------
updating course plan:cost:3872

3872 5
4 12 14 16 31 
3 2 19 38 
4 9 13 26 34 
4 3 17 18 35 
2 21 28 
668 980 490 1228 506 
----------------------------------------------
Yes! Interested course schedule found!

3872 5
4 12 14 16 31 
3 2 19 38 
4 9 13 26 34 
4 3 17 18 35 
2 21 28 
668 980 490 1228 506 
----------------------------------------------
Time taken = 624782



