1,79.6
2,82.6
3,79.9
4,79.7
5,77.1
6,78.9
7,78.5
8,78.8
9,80.2
10,80.1
11,80.0
12,79.2
13,77.0
14,77.2
15,79.6
16,80.9
17,81.7
18,82.0
19,81.5
20,79.1
21,77.6
22,80.7
23,79.4
24,80.1
25,80.1
26,79.9
27,79.7
28,78.0
29,78.8
30,81.1
31,76.6
32,78.7
33,79.5
34,81.1
35,81.7
36,81.7
37,80.6
38,80.4
39,80.6
40,80.8
41,81.0
42,80.6
43,80.8
44,79.2
45,79.5
46,79.4
47,81.2
48,81.0
49,81.2
50,80.0
51,80.3
52,79.6
53,81.4
54,80.0
55,79.3
56,79.1
57,82.2
58,81.3
59,79.9
60,80.1
61,80.1
62,82.0
63,82.7
64,80.8
65,81.2
66,80.4
67,81.0
68,80.7
69,80.9
70,81.4
71,81.7
72,82.0
73,80.9
74,81.2
75,82.0
76,80.8
77,81.8
78,81.4
79,81.2
80,80.8
81,82.4
82,80.2
83,80.4
84,81.8
85,82.3
86,82.1
87,81.4
88,82.2
89,80.5
90,81.2
91,81.8
92,80.5
93,80.8
94,81.9
95,82.3
96,82.8
97,82.4
98,82.8
99,82.0
