BOARD : game_boards/sample.txt *********************************
1 10 1 10 1 10 1 10 1 10 1 10 
2 9 2 9 2 9 2 9 2 9 1 10 
3 8 3 8 3 8 3 8 3 8 1 10 
4 7 4 7 4 7 4 7 4 7 1 10 
5 6 5 6 5 6 5 6 5 6 1 10 
6 5 6 5 6 5 6 5 6 5 1 10 
7 4 7 4 7 4 7 4 7 4 1 10 
8 3 8 3 8 3 8 3 8 3 1 10 
9 2 9 2 9 2 9 2 9 2 1 10 
10 1 10 1 10 1 10 1 10 1 1 10 
6 5 6 5 6 5 6 5 6 5 1 10 
7 4 7 4 7 4 7 4 7 4 1 10 
2725 2825
 MATCH TYPE : Minimax Vs Minimax ** 
Winner is BLUE
P1 SCORE : 435
P2 SCORE : 357
P1 Average Nodes Expanded per Move : 54245424
P2 Average Nodes Expanded per Move : 52757616
P1 Average Move Time : 6049.0
P2 Average Move Time : 6248.0
END GAME BOARD STATE : 

=================================
Player = BLUE
Player 1 Score = 435
Player 2 Score = 357
Player 1 Pieces = (0, 1), (0, 11), (4, 11), (6, 11), (8, 11), (9, 4), (9, 11), (11, 11), (0, 4), (0, 3), (0, 10), (1, 11), (9, 2), (9, 1), (9, 0), (8, 0), (9, 5), (9, 6), (8, 5), (9, 3), (8, 3), (2, 1), (1, 4), (2, 4), (1, 3), (1, 8), (0, 7), (1, 6), (3, 8), (2, 7), (2, 6), (2, 5), (7, 4), (6, 0), (6, 8), (11, 0), (11, 2), (11, 4), (4, 7), (3, 6), (3, 7), (4, 6), (5, 6), (6, 5), (6, 6), (6, 7), (7, 7), (5, 2), (4, 2), (5, 1), (7, 2), (5, 8), (4, 9), (5, 10), (5, 9), (6, 10), (6, 9), (10, 0), (10, 1), (10, 2), (10, 3), (10, 4), (10, 5), (10, 6), (7, 10), (7, 11), (8, 10), (8, 9), (11, 5), (9, 8), (9, 9), (10, 10), (3, 0), (0, 0), (1, 0), (11, 1), (4, 3), (5, 4), 
Player 2 Pieces = (3, 11), (5, 11), (10, 11), (2, 3), (0, 6), (0, 5), (0, 8), (0, 9), (1, 9), (1, 10), (2, 10), (2, 11), (8, 2), (9, 7), (8, 4), (8, 6), (8, 7), (8, 8), (1, 2), (2, 2), (0, 2), (1, 1), (1, 5), (3, 9), (1, 7), (2, 9), (2, 8), (7, 8), (3, 1), (3, 3), (6, 4), (11, 8), (4, 1), (5, 0), (4, 4), (3, 4), (3, 5), (4, 5), (5, 5), (7, 5), (3, 2), (7, 6), (6, 1), (7, 1), (8, 1), (7, 0), (4, 8), (3, 10), (4, 10), (10, 8), (10, 7), (7, 9), (11, 7), (11, 6), (10, 9), (9, 10), (11, 9), (11, 10), (4, 0), (2, 0), (5, 7), (11, 3), (6, 3), (7, 3), (5, 3), (6, 2), 
=================================

Game Over
 MATCH TYPE : AlphaBeta Vs AlphaBeta ** 
Winner is BLUE
P1 SCORE : 435
P2 SCORE : 357
P1 Average Nodes Expanded per Move : 1828627
P2 Average Nodes Expanded per Move : 1881049
P1 Average Move Time : 669.0
P2 Average Move Time : 570.0
END GAME BOARD STATE : 

=================================
Player = BLUE
Player 1 Score = 435
Player 2 Score = 357
Player 1 Pieces = (0, 1), (0, 11), (4, 11), (6, 11), (8, 11), (9, 4), (9, 11), (11, 11), (0, 4), (0, 3), (0, 10), (1, 11), (9, 2), (9, 1), (9, 0), (8, 0), (9, 5), (9, 6), (8, 5), (9, 3), (8, 3), (2, 1), (1, 4), (2, 4), (1, 3), (1, 8), (0, 7), (1, 6), (3, 8), (2, 7), (2, 6), (2, 5), (7, 4), (6, 0), (6, 8), (11, 0), (11, 2), (11, 4), (4, 7), (3, 6), (3, 7), (4, 6), (5, 6), (6, 5), (6, 6), (6, 7), (7, 7), (5, 2), (4, 2), (5, 1), (7, 2), (5, 8), (4, 9), (5, 10), (5, 9), (6, 10), (6, 9), (10, 0), (10, 1), (10, 2), (10, 3), (10, 4), (10, 5), (10, 6), (7, 10), (7, 11), (8, 10), (8, 9), (11, 5), (9, 8), (9, 9), (10, 10), (3, 0), (0, 0), (1, 0), (11, 1), (4, 3), (5, 4), 
Player 2 Pieces = (3, 11), (5, 11), (10, 11), (2, 3), (0, 6), (0, 5), (0, 8), (0, 9), (1, 9), (1, 10), (2, 10), (2, 11), (8, 2), (9, 7), (8, 4), (8, 6), (8, 7), (8, 8), (1, 2), (2, 2), (0, 2), (1, 1), (1, 5), (3, 9), (1, 7), (2, 9), (2, 8), (7, 8), (3, 1), (3, 3), (6, 4), (11, 8), (4, 1), (5, 0), (4, 4), (3, 4), (3, 5), (4, 5), (5, 5), (7, 5), (3, 2), (7, 6), (6, 1), (7, 1), (8, 1), (7, 0), (4, 8), (3, 10), (4, 10), (10, 8), (10, 7), (7, 9), (11, 7), (11, 6), (10, 9), (9, 10), (11, 9), (11, 10), (4, 0), (2, 0), (5, 7), (11, 3), (6, 3), (7, 3), (5, 3), (6, 2), 
=================================

Game Over
 MATCH TYPE : Minimax Vs AlphaBeta ** 
