BOARD : game_boards/sample.txt *********************************
1 10 1 10 1 10 1 10 1 10 
2 9 2 9 2 9 2 9 2 9 
3 8 3 8 3 8 3 8 3 8 
4 7 4 7 4 7 4 7 4 7 
5 6 5 6 5 6 5 6 5 6 
6 5 6 5 6 5 6 5 6 5 
7 4 7 4 7 4 7 4 7 4 
8 3 8 3 8 3 8 3 8 3 
9 2 9 2 9 2 9 2 9 2 
10 1 10 1 10 1 10 1 10 1 
2275 2375
 MATCH TYPE : Minimax Vs Minimax ** 
Winner is GREEN
P1 SCORE : 219
P2 SCORE : 331
P1 Average Nodes Expanded per Move : 12666700
P2 Average Nodes Expanded per Move : 12169200
P1 Average Move Time : 1269.0
P2 Average Move Time : 1229.0
END GAME BOARD STATE : 

=================================
Player = BLUE
Player 1 Score = 219
Player 2 Score = 331
Player 1 Pieces = (0, 1), (9, 0), (9, 2), (0, 6), (9, 3), (9, 4), (0, 2), (0, 3), (8, 0), (8, 2), (8, 3), (7, 0), (7, 1), (7, 2), (7, 3), (3, 9), (6, 2), (4, 2), (4, 3), (3, 3), (6, 3), (5, 2), (5, 4), (3, 4), (6, 5), (4, 5), (5, 6), (3, 6), (6, 7), (4, 7), (4, 8), (5, 8), (3, 8), (4, 9), (0, 0), (1, 0), (8, 1), (9, 1), (0, 8), (1, 2), (2, 2), (1, 1), 
Player 2 Pieces = (2, 5), (0, 7), (0, 9), (9, 6), (9, 8), (2, 4), (2, 3), (0, 5), (1, 9), (1, 8), (8, 6), (8, 7), (1, 7), (1, 6), (8, 8), (7, 8), (9, 5), (2, 1), (8, 5), (8, 4), (2, 6), (2, 7), (2, 8), (2, 9), (7, 5), (7, 4), (7, 7), (7, 6), (3, 2), (3, 1), (3, 5), (3, 7), (6, 4), (6, 6), (6, 8), (4, 1), (5, 1), (6, 1), (5, 0), (6, 0), (5, 3), (4, 4), (5, 5), (4, 6), (5, 7), (6, 9), (5, 9), (3, 0), (4, 0), (2, 0), (7, 9), (9, 9), (8, 9), (9, 7), (1, 4), (0, 4), (1, 5), (1, 3), 
=================================

Game Over
 MATCH TYPE : AlphaBeta Vs AlphaBeta ** 
Winner is GREEN
P1 SCORE : 219
P2 SCORE : 331
P1 Average Nodes Expanded per Move : 525131
P2 Average Nodes Expanded per Move : 535112
P1 Average Move Time : 176.0
P2 Average Move Time : 209.0
END GAME BOARD STATE : 

=================================
Player = BLUE
Player 1 Score = 219
Player 2 Score = 331
Player 1 Pieces = (0, 1), (9, 0), (9, 2), (0, 6), (9, 3), (9, 4), (0, 2), (0, 3), (8, 0), (8, 2), (8, 3), (7, 0), (7, 1), (7, 2), (7, 3), (3, 9), (6, 2), (4, 2), (4, 3), (3, 3), (6, 3), (5, 2), (5, 4), (3, 4), (6, 5), (4, 5), (5, 6), (3, 6), (6, 7), (4, 7), (4, 8), (5, 8), (3, 8), (4, 9), (0, 0), (1, 0), (8, 1), (9, 1), (0, 8), (1, 2), (2, 2), (1, 1), 
Player 2 Pieces = (2, 5), (0, 7), (0, 9), (9, 6), (9, 8), (2, 4), (2, 3), (0, 5), (1, 9), (1, 8), (8, 6), (8, 7), (1, 7), (1, 6), (8, 8), (7, 8), (9, 5), (2, 1), (8, 5), (8, 4), (2, 6), (2, 7), (2, 8), (2, 9), (7, 5), (7, 4), (7, 7), (7, 6), (3, 2), (3, 1), (3, 5), (3, 7), (6, 4), (6, 6), (6, 8), (4, 1), (5, 1), (6, 1), (5, 0), (6, 0), (5, 3), (4, 4), (5, 5), (4, 6), (5, 7), (6, 9), (5, 9), (3, 0), (4, 0), (2, 0), (7, 9), (9, 9), (8, 9), (9, 7), (1, 4), (0, 4), (1, 5), (1, 3), 
=================================

Game Over
 MATCH TYPE : Minimax Vs AlphaBeta ** 
Winner is GREEN
P1 SCORE : 219
P2 SCORE : 331
P1 Average Nodes Expanded per Move : 12666700
P2 Average Nodes Expanded per Move : 535112
P1 Average Move Time : 1087.0
P2 Average Move Time : 293.0
END GAME BOARD STATE : 

=================================
Player = BLUE
Player 1 Score = 219
Player 2 Score = 331
Player 1 Pieces = (0, 1), (9, 0), (9, 2), (0, 6), (9, 3), (9, 4), (0, 2), (0, 3), (8, 0), (8, 2), (8, 3), (7, 0), (7, 1), (7, 2), (7, 3), (3, 9), (6, 2), (4, 2), (4, 3), (3, 3), (6, 3), (5, 2), (5, 4), (3, 4), (6, 5), (4, 5), (5, 6), (3, 6), (6, 7), (4, 7), (4, 8), (5, 8), (3, 8), (4, 9), (0, 0), (1, 0), (8, 1), (9, 1), (0, 8), (1, 2), (2, 2), (1, 1), 
Player 2 Pieces = (2, 5), (0, 7), (0, 9), (9, 6), (9, 8), (2, 4), (2, 3), (0, 5), (1, 9), (1, 8), (8, 6), (8, 7), (1, 7), (1, 6), (8, 8), (7, 8), (9, 5), (2, 1), (8, 5), (8, 4), (2, 6), (2, 7), (2, 8), (2, 9), (7, 5), (7, 4), (7, 7), (7, 6), (3, 2), (3, 1), (3, 5), (3, 7), (6, 4), (6, 6), (6, 8), (4, 1), (5, 1), (6, 1), (5, 0), (6, 0), (5, 3), (4, 4), (5, 5), (4, 6), (5, 7), (6, 9), (5, 9), (3, 0), (4, 0), (2, 0), (7, 9), (9, 9), (8, 9), (9, 7), (1, 4), (0, 4), (1, 5), (1, 3), 
=================================

Game Over
 MATCH TYPE : AlphaBeta Vs Minimax ** 
Winner is GREEN
P1 SCORE : 219
P2 SCORE : 331
P1 Average Nodes Expanded per Move : 525131
P2 Average Nodes Expanded per Move : 12169200
P1 Average Move Time : 284.0
P2 Average Move Time : 1054.0
END GAME BOARD STATE : 

=================================
Player = BLUE
Player 1 Score = 219
Player 2 Score = 331
Player 1 Pieces = (0, 1), (9, 0), (9, 2), (0, 6), (9, 3), (9, 4), (0, 2), (0, 3), (8, 0), (8, 2), (8, 3), (7, 0), (7, 1), (7, 2), (7, 3), (3, 9), (6, 2), (4, 2), (4, 3), (3, 3), (6, 3), (5, 2), (5, 4), (3, 4), (6, 5), (4, 5), (5, 6), (3, 6), (6, 7), (4, 7), (4, 8), (5, 8), (3, 8), (4, 9), (0, 0), (1, 0), (8, 1), (9, 1), (0, 8), (1, 2), (2, 2), (1, 1), 
Player 2 Pieces = (2, 5), (0, 7), (0, 9), (9, 6), (9, 8), (2, 4), (2, 3), (0, 5), (1, 9), (1, 8), (8, 6), (8, 7), (1, 7), (1, 6), (8, 8), (7, 8), (9, 5), (2, 1), (8, 5), (8, 4), (2, 6), (2, 7), (2, 8), (2, 9), (7, 5), (7, 4), (7, 7), (7, 6), (3, 2), (3, 1), (3, 5), (3, 7), (6, 4), (6, 6), (6, 8), (4, 1), (5, 1), (6, 1), (5, 0), (6, 0), (5, 3), (4, 4), (5, 5), (4, 6), (5, 7), (6, 9), (5, 9), (3, 0), (4, 0), (2, 0), (7, 9), (9, 9), (8, 9), (9, 7), (1, 4), (0, 4), (1, 5), (1, 3), 
=================================

Game Over
************************ DONE *********************************
