6.910988668394834 6.910988668394834 6.910988668394834 6.910988668394834 6.910988668394834 6.910988668394834 6.910988668394834 6.910988668394834 6.910988668394834 6.910988668394834 6.910988668394834 6.910988668394834 6.910988668394834 6.910988668394834 6.910988668394834 6.910988668394834 6.910988668394834 6.910988668394834 6.910988668394834 6.910988668394834 6.910988668394834 6.910988668394834 6.910988668394834 6.910988668394834 6.910988668394834 6.910988668394834 6.910988668394834 6.910988668394834 
6.910988668394834 6.910988668394834 6.910988668394834 6.910988668394834 6.910988668394834 6.910988668394834 6.910988668394834 6.910988668394834 6.910988668394834 6.910988668394834 6.910988668394834 6.910988668394834 10.817372783450047 10.817372783450047 10.817372783450047 -28.34642873796241 -28.34642873796241 -8.547075162659766 10.869774980122315 6.910988668394834 6.910988668394834 6.910988668394834 6.910988668394834 6.910988668394834 6.910988668394834 6.910988668394834 6.910988668394834 6.910988668394834 
6.910988668394834 6.910988668394834 6.910988668394834 6.910988668394834 6.910988668394834 6.910988668394834 8.908990666396829 6.908990666396832 4.910988668394831 -14.497823239072297 -14.497823239072297 6.9921660806854735 -80.16557027743666 -70.61002509176409 -60.99765734017221 -55.75368281098001 0.834827327360643 -14.977478383766655 8.742189392249603 -2.802041571629004 6.910988668394834 6.910988668394834 6.910988668394834 3.1047449438531594 3.1047449438531594 6.910988668394834 6.910988668394834 6.910988668394834 
6.910988668394834 6.910988668394834 6.910988668394834 6.910988668394834 6.910988668394834 8.908990666396829 10.908990666396825 -4.853857761326073 -20.921949741550375 -58.059358484395446 -57.92366082535423 -50.16466543133511 -38.798755326607434 25.471668212167682 -15.020864152448254 -38.21264472230424 -12.695242729786184 -33.49950269280945 17.82869401425734 -5.70254422586391 -50.71702310680796 -47.02062766569591 8.663215902022461 3.1047449438531594 3.1047449438531594 6.910988668394834 6.910988668394834 6.910988668394834 
6.910988668394834 6.910988668394834 6.910988668394834 6.910988668394834 26.053824621713677 0.6832845782302608 -15.546600182957313 -5.172685554815411 -31.880412459182157 -33.378759495482264 -19.713604759242774 61.345150841851094 -54.53367901829053 -19.81010892432685 -133.5766057850368 55.54962771706526 15.251714550200852 50.59658625758805 -77.30241049124488 25.006001484084106 74.51581183532478 13.150400249431666 -12.588563126515478 16.79661597416166 -15.996969425691816 -17.952003638790547 6.910988668394834 6.910988668394834 
6.910988668394834 6.910988668394834 6.910988668394834 6.910988668394834 0.6196933350279419 -33.30932489214766 14.690813454349442 -65.58411121775619 -3.6936235479983566 41.25557064044336 23.40757203588311 -83.35981711967007 -16.353428413051496 -109.65594134491069 -51.746467910368025 -0.28753424477524225 10.85378910456453 21.69487342595168 -81.80819930117868 -52.95791483516618 109.71755746125463 56.41642403861212 42.212014450465105 26.582013764007538 -0.5236992739736527 -15.963932068214007 8.89906023897137 6.910988668394834 
6.910988668394834 6.910988668394834 6.910988668394834 -3.0591998148055737 -22.634679570353125 35.30122567167565 -30.02383447971636 -15.936274076206107 71.92998288701123 36.85847635584105 34.95302203276712 10.977794681764216 47.342855908931384 128.43650532745175 -68.74477688032908 6.01245189594414 -26.076744616305998 -61.02161974835935 40.86524041649109 -2.850629854966865 13.84827095719852 29.69077575085745 37.91094035225064 89.94578332447243 61.62547738664475 20.727218693653075 8.89906023897137 8.89906023897137 
6.910988668394834 6.910988668394834 -3.0591998148055737 12.527082231887835 -77.34791986373641 -66.94595121636267 -82.96280962570894 -89.1988693120691 47.58992482881493 6.3998300096273795 -53.66162415070592 -113.98867296758628 -103.05760881167377 -2.7571272479905335 53.16438070336061 -34.38792041270075 149.56090070876482 -32.94513824526167 76.55297507283721 28.13354027111195 55.49881444627336 94.21449613812986 -1.1322535756653842 51.80228264513498 88.94038301024456 34.64844707758701 8.89906023897137 8.89906023897137 
6.910988668394834 6.910988668394834 -3.0591998148055737 16.458332678620835 -37.45768487901112 27.67678405385239 78.66908602892646 -26.225430160816114 -97.06445602768765 -45.71049800473937 1.950442800739894 62.54963653831276 101.3544186209579 -73.60341284583386 -3.7012126045393723 55.33052960237558 35.68225457890254 -30.18546848159696 13.404636060994399 -63.30271230298905 -55.204516641032484 -14.147448735727892 -36.3806452421197 29.308056021814227 84.65361430969448 44.153863475198136 10.897062236973365 6.910988668394834 
6.910988668394834 16.766324812229442 18.46830892890244 12.360574665242094 -14.598784393011542 -80.73041493328985 34.29563309025362 -23.116527493046153 104.85699564378804 51.896148562889266 -27.873121627851244 -9.089570249808204 68.8505344661618 -79.14860361828697 -77.44069764348896 33.47248772243731 56.25751313789503 -125.96296349311633 -30.666123579995492 -32.77338598449129 41.3992767277231 2.462864592331986 -62.439992284084965 42.832498133081 5.276988048468919 59.32773859154487 8.908990666396829 6.910988668394834 
6.910988668394834 14.791991149840491 18.46830892890244 20.369956051463188 12.34990850842064 -12.584985572884651 58.91480375005884 -3.599406867272968 -65.89738392998862 80.20554044598076 27.155527340692064 -98.8311203149165 -11.318151632770842 152.40263891496122 9.36345847016946 90.70306675157606 -55.55987644356556 51.60303863158876 48.00803531682442 28.698157521087037 -92.33085560625192 -73.63904944088654 39.91861851609443 118.09149266846738 33.327547416214486 28.101691226106592 8.906996652426766 6.910988668394834 
6.910988668394834 6.910988668394834 8.67155204867652 24.359989921975146 -68.94638154285212 -31.377777736992766 145.51238594871234 121.20248224906557 91.9076172557249 127.44594797333274 23.07679362215738 61.94002677691982 43.53234381735247 114.56973871040826 37.42260961503635 38.78344875874124 11.65816573120632 -24.63166622443116 116.73123997606227 58.810905281405766 -44.530294223069475 56.67569426849707 22.46059244311836 -4.13250570805704 -55.81128889847702 -90.17963812741193 8.906996652426766 6.910988668394834 
6.910988668394834 8.67155204867652 8.67155204867652 -14.332759017983044 36.85696937811271 52.50536807476466 133.75744974976118 163.9727455813681 103.20103862391134 3.643335456871739 44.20972568099383 145.86549540796395 83.34438119077784 58.21101632872999 -41.46038533977064 108.06503244090403 113.59113109778171 -9.209964555819763 68.077070790291 -23.738405918404734 91.94896500115841 -39.67231651202793 122.48215737989575 49.54088240263985 -57.71866793911049 -136.29668705964403 -37.14151853532887 6.910988668394834 
6.910988668394834 8.67155204867652 8.67155204867652 20.65511985274485 54.50106130251544 6.246472180198404 80.72879351601416 107.7997202791971 -25.371382325637985 112.10506298267363 53.08797077379333 30.506216939030658 -23.564312392626046 152.71970892848603 73.6389490622655 -96.2593087653796 75.81527584177856 -21.591385450095753 43.25822258202317 -17.63390519283337 -11.627641551957907 -26.1387565229922 42.74992895482845 -41.38752800276191 -34.08699619344063 -10.982115769876938 -37.14151853532887 6.910988668394834 
6.910988668394834 8.67155204867652 8.67155204867652 9.001453583820727 -29.588087374845276 30.313381864844477 57.21787031415457 3.6679193377851966 25.48256355630156 51.323611778981956 59.466011347866754 2.2022420163120673 -13.572676647348334 30.423015641775038 -35.396358092991214 33.58812987409608 28.288584085096165 80.26913933424713 -51.51851934924328 -59.24996348873813 42.20207126642594 131.67471208483786 83.3265314321652 14.909238527501074 -8.731718556103935 -4.114760868796379 -32.415607111009066 6.910988668394834 
6.910988668394834 6.910988668394834 8.67155204867652 -14.332759017983044 5.70368168419352 -117.48817914633229 -12.174055445429016 -86.49714354266139 -79.96594534561392 -10.160818216901628 -99.74320589955575 -13.59190081996801 -2.74675099141834 -120.7589950687768 -120.78715418397773 14.307359213637149 10.358635293773213 -17.799712415572486 -11.370148174753663 41.65134950326234 -162.7426849801179 -84.24417313040881 -95.95830005977292 38.027705298797585 10.643416843402434 -50.985554063627305 -71.54262384014247 6.910988668394834 
6.910988668394834 6.910988668394834 26.273584063412176 -22.161005230689643 -4.335611008332787 -16.682907248607012 -5.702610436169011 -41.485484868773824 -10.043793254647241 11.655712617432076 -43.03183551798213 26.96774535876418 -65.16403207158568 -23.470350234191212 -14.012581121155327 -63.63159923272605 16.342644623269187 71.49242337654907 -5.137168286486063 52.762051940046334 -16.792545437997305 135.0723028408687 -15.825481065007736 53.97474167494293 10.831533600229584 -67.22239815061937 -71.54262384014247 6.910988668394834 
6.910988668394834 6.910988668394834 26.273584063412176 10.618963828255147 -64.90856591123888 -8.632965139279376 -17.60976634890611 9.460638213396402 35.663630490051005 -13.230938174473902 -35.947992823892996 -91.27877284902057 -125.30304215701841 -3.8803315792322683 -6.676690461086682 -15.312320218097101 -42.71076285751636 38.54167919101967 -63.442868907585755 -33.357641829807406 44.13013411672708 -119.96307243876451 -103.1875280260165 -42.16266669345633 -136.05087738498477 -54.31666120026151 -36.391848475974456 4.910988668394831 
6.910988668394834 6.910988668394834 8.910988668394833 26.51271109953598 -16.628982989774393 -2.907213825440576 -24.622280747653054 -56.88464940217021 -91.04989308315366 10.344671213072175 -107.00782452449288 -42.74702723037982 -93.03820214159971 -15.459607277823087 34.95370227221052 -24.323362321293555 21.77163845813087 -3.559862482140752 -6.460572565985718 -26.665589485349695 93.85290491219216 11.954854268784363 -71.50147127381119 -87.12749871399025 -100.88588957656846 -34.929990408021894 -36.391848475974456 4.910988668394831 
6.910988668394834 6.910988668394834 6.771995327058509 45.87953330085152 -105.91803856565902 -31.149736073345515 -151.5983103704016 -21.72764941093647 -147.2795129142281 -19.043612528644122 -4.160065313069784 -77.78795424629506 -54.08985975792443 -49.823030922230785 -114.53827552891799 -28.288729188330873 -2.4970168690589745 -37.51320920704758 -13.777967913738987 46.77611870885346 -68.10723212864917 -44.38172463609605 -45.176582702110366 -30.428371033716132 -7.6355525697572615 -26.634716726644523 -6.941211705596579 6.910988668394834 
6.910988668394834 6.910988668394834 8.771995327058509 53.626544716845345 1.4968736083900247 -14.382716534422467 3.3130470508683976 65.5510017516078 -64.95067163267693 80.94912795120582 -7.581254337004686 -95.56036006950033 -48.31702386026237 6.374826710272828 -6.520296788550999 -2.9131830753270673 -26.67441851726989 -90.17249530487324 109.71558795067607 -51.45817611704932 -54.330662859506646 -90.8665533253914 -36.04111656308087 -117.2452414704653 15.17545787548985 10.58975356142971 -4.943209707594583 6.910988668394834 
6.910988668394834 6.910988668394834 4.924930933119114 41.85469605130086 -3.2125927797739307 -18.16158126328777 -22.587967793805806 62.19663359905756 -18.288847463559655 -66.92267075743798 -49.81401439664911 -83.7046031475313 -9.809544301101575 -48.44917715022521 -30.335683012180304 107.32368167987401 15.52559081432793 -56.401593344002805 -70.29928888607485 46.424237899103744 2.9985392709118805 -32.07822638291207 -11.336868383661887 -25.700696664370394 -8.764765997112658 -10.762176819108976 -4.943209707594583 6.910988668394834 
6.910988668394834 6.910988668394834 8.910988668394833 38.2296946006908 20.05599698474843 -40.126589821071946 -71.9077988566999 -61.874432966975505 7.357260296143568 -10.031117923396138 -6.462000244395769 -35.652366359280805 -78.72022546528412 -23.825878005528093 99.53039907070395 -6.380551470740258 -43.79645494102679 -34.199834606191004 -180.12059279160266 -65.6613915396606 -56.42455974354343 54.39746138742946 -4.110153623560711 -10.572590291768833 -18.07065956754793 3.0920215568804466 -0.8382927744248428 6.910988668394834 
6.910988668394834 6.910988668394834 6.910988668394834 41.56638186667982 -9.051965089133617 45.5613466767813 -20.57640931213948 -80.94450558361159 25.602626993691107 -36.85410265717945 33.8828933823995 -56.43726719930358 -21.773729559125808 38.837100603491066 14.41135653968431 27.659919260053588 25.993829823386303 47.21638886019327 -56.31096225717597 39.920933349166646 -3.063143609801581 -49.684836684589186 -63.04936150095469 -57.16477594207555 30.35850816632433 -0.8382927744248428 -0.8382927744248428 6.910988668394834 
6.910988668394834 6.910988668394834 6.910988668394834 39.56638186667982 10.242252883418328 33.63719659658452 8.420229323407021 -65.14911984017627 42.03523925528617 80.47025469878976 37.92282233024736 51.70364582728469 39.85890828942253 -26.56431387531438 47.44456039386131 14.331973527086209 -91.03596314795338 2.9588625502101644 -49.286243772862605 -102.33384851356568 -102.62899409286929 -69.42073546587055 -18.57849165026901 18.370258973357327 12.846185434500509 6.910988668394834 6.910988668394834 6.910988668394834 
6.910988668394834 6.910988668394834 6.910988668394834 6.910988668394834 10.85432435334777 26.67715498001085 50.14770869918192 63.67516993548198 65.72520958836476 55.89135512139727 46.00771408372523 36.3643734425227 32.44750100270909 34.71222714857859 59.78336822523151 77.33809960770863 74.86646444564592 6.7468552729095705 -10.99045756365101 -3.093848521588124 -18.515265530781516 24.22323645316239 16.424977316935205 10.895087985165443 10.895087985165443 6.910988668394834 6.910988668394834 6.910988668394834 
6.910988668394834 6.910988668394834 6.910988668394834 6.910988668394834 6.910988668394834 6.910988668394834 18.553383932884206 18.553383932884206 18.553383932884206 6.910988668394834 6.910988668394834 6.910988668394834 6.910988668394834 6.910988668394834 6.910988668394834 6.910988668394834 8.823034557496172 8.823034557496172 8.823034557496172 14.426975318933206 14.426975318933206 14.426975318933206 12.514929429831867 6.910988668394834 6.910988668394834 6.910988668394834 6.910988668394834 6.910988668394834 
6.910988668394834 6.910988668394834 6.910988668394834 6.910988668394834 6.910988668394834 6.910988668394834 6.910988668394834 6.910988668394834 6.910988668394834 6.910988668394834 6.910988668394834 6.910988668394834 6.910988668394834 6.910988668394834 6.910988668394834 6.910988668394834 6.910988668394834 6.910988668394834 6.910988668394834 6.910988668394834 6.910988668394834 6.910988668394834 6.910988668394834 6.910988668394834 6.910988668394834 6.910988668394834 6.910988668394834 6.910988668394834 
