6.926169041495696 6.926169041495696 6.926169041495696 6.926169041495696 6.926169041495696 6.926169041495696 6.926169041495696 6.926169041495696 6.926169041495696 6.926169041495696 6.926169041495696 6.926169041495696 6.926169041495696 6.926169041495696 6.926169041495696 6.926169041495696 6.926169041495696 6.926169041495696 6.926169041495696 6.926169041495696 6.926169041495696 6.926169041495696 6.926169041495696 6.926169041495696 6.926169041495696 6.926169041495696 6.926169041495696 6.926169041495696 
6.926169041495696 6.926169041495696 6.926169041495696 6.926169041495696 6.926169041495696 6.926169041495696 6.926169041495696 6.926169041495696 6.926169041495696 6.926169041495696 6.926169041495696 6.926169041495696 6.926169041495696 6.926169041495696 6.926169041495696 6.926169041495696 6.926169041495696 6.926169041495696 6.926169041495696 6.926169041495696 6.926169041495696 6.926169041495696 6.926169041495696 6.926169041495696 6.926169041495696 6.926169041495696 6.926169041495696 6.926169041495696 
6.926169041495696 6.926169041495696 6.926169041495696 6.926169041495696 6.926169041495696 6.926169041495696 6.926169041495696 6.926169041495696 6.926169041495696 6.926169041495696 6.926169041495696 6.926169041495696 51.50376474332245 53.50376474332245 53.50376474332245 55.472268680330316 20.107545145013887 20.139041208006013 20.139041208006013 10.926169041495694 18.87852991393863 16.87852991393863 14.880527915936614 6.926169041495696 6.926169041495696 6.926169041495696 6.926169041495696 6.926169041495696 
6.926169041495696 6.926169041495696 6.926169041495696 6.926169041495696 6.926169041495696 6.926169041495696 6.926169041495696 6.926169041495696 8.926169041495694 30.490865159315845 30.490865159315845 14.662386440830069 -9.816795584703542 -37.14841569387434 -40.23712613968962 -36.79325040456759 -5.3715062706903165 94.760768755542 25.510373911892252 -8.622715484220468 47.58173894873025 -10.338553916158478 -18.308805263157815 -35.96102354232774 -12.749498148951012 6.926169041495696 6.926169041495696 6.926169041495696 
6.926169041495696 6.926169041495696 6.926169041495696 6.926169041495696 8.922177025527631 30.473015528283824 34.47101752628582 56.308127567788944 35.56565851497889 -10.181362656986757 17.486372194645828 -4.019434086079622 59.37454805916802 31.375743890227287 62.042761768725825 19.99397257608284 -22.96925813804745 -71.18746163430166 60.22914217587633 12.23045638085295 -66.23272358837526 -9.97646119258526 -23.21572186798808 -31.149910703417298 -25.10044632069065 -43.892234083655424 6.926169041495696 6.926169041495696 
6.926169041495696 6.926169041495696 6.926169041495696 34.40726937261388 53.95411585940198 61.95211785740398 115.3856193926096 78.17760644465592 -80.7108328156206 0.7535572366855454 15.135379467537202 99.41984325578521 -61.913444555218454 37.367867780394334 -28.446063061027488 -21.423517154926266 34.92243896078914 -61.25359970107448 -93.85336032300096 -57.1443308853427 29.233455968879575 -33.80525718238437 -32.8707528402005 -83.04563200637612 -1.840285327604492 -22.760819764658983 30.10988517296495 6.926169041495696 
6.926169041495696 6.926169041495696 6.926169041495696 36.40128731877539 57.95212582153157 52.28957941142261 51.40282888320867 -14.376798923427966 40.37094297341379 -3.7513279203953562 19.869985374227454 -102.04686257810768 54.59577189161131 42.965654613846965 65.76448888838364 21.206617462211682 46.46804229173715 51.89587072600101 10.104154788622449 -83.77149470839869 -31.38753937192244 -42.61981174668537 -13.610454693891487 -117.17982948643846 -91.34588453962506 -59.79022639377337 -10.071350253754115 24.36691796066338 
6.926169041495696 6.926169041495696 6.926169041495696 38.34681261060419 135.78246096719886 61.68634587348576 94.09632765871153 98.81983052796856 -1.6738145656374444 11.559345227184323 27.742691659474858 -20.060721631206256 -32.81748283435674 -9.310870249395053 11.65911914992963 33.22608520709539 -122.12167000964216 85.79861810938009 76.08426844199762 22.95564936144558 -26.63617689503783 -23.745179944531102 27.61195622423555 -96.53970708201736 -126.74945576811237 -124.54656835280825 18.727930494802393 24.36691796066338 
6.926169041495696 6.926169041495696 6.926169041495696 72.9758834696437 108.20371391976941 -12.032003289053474 49.66305902771458 -19.291102416669602 -54.36727257118115 -61.20390924303884 -0.3828161246945365 -16.39309005242142 -66.2434054595228 -54.77503380249004 110.309957866126 -6.706180999497263 8.977802209798828 7.031461840795691 -70.71241753691262 -50.36322258417505 -32.0108515599791 65.70839373660782 -53.174043727247124 -120.61218135160017 -102.01103382730774 -171.45489069318768 20.019553574620588 4.8410668640862635 
6.926169041495696 6.926169041495696 6.926169041495696 57.11728198217075 55.57125435278449 -75.94793971261974 83.45671466983224 -22.325584728002966 -3.3318757574397395 -84.00839700117616 -1.4823754894597887 84.74479828136667 -21.41271506046629 0.8250735529847151 52.83727188365725 46.64397778809658 155.05007389899657 38.47066953369972 -24.699239990743116 -65.00130691678271 62.35355246406466 -88.64160146370513 -41.87504243304733 -67.62925156875481 -146.4819007294241 -245.75485107640577 -35.81450867338212 2.938117292249916 
6.926169041495696 6.926169041495696 6.926169041495696 10.926169041495694 -8.389722131040575 -10.6120358996615 -19.03488117800787 -25.501755364686986 -49.452724716004354 18.098160760134135 -66.35843988660527 -91.60649623293544 -0.9206531848634103 -61.08235159622201 35.001180280813216 -54.42194050125278 168.39632041278327 29.51086307199204 78.03245768814865 128.96806406864155 137.26419951568127 69.22488520962986 -10.7478136848276 -2.520115934143093 -129.2525959810029 -167.31310049726252 -26.402077666063562 6.926169041495696 
6.926169041495696 6.926169041495696 6.926169041495696 8.926169041495694 -18.650003865121995 18.292025785518153 -116.23877620325446 51.802131242531416 -56.42379288841151 -34.85170822025654 -43.17264984892087 -59.17010574206495 -6.374962276097216 -27.916649327696554 -60.659375615365136 67.28670281278254 14.07927713204155 95.20099243532952 38.750461920353644 131.245633619754 79.2382536792437 112.98269238153841 144.91572783752818 57.54852584431555 -43.34375261599874 18.65638878658953 -16.56122177887265 6.926169041495696 
6.926169041495696 6.926169041495696 6.926169041495696 18.23571287655708 -12.91582866528114 46.005185358155146 -101.31986126044048 36.20778824657259 14.959361300247341 32.52888361613483 8.147202132294439 -47.13470369705804 -87.71611680753374 -69.11388771957449 17.875574176047394 50.34727868365296 15.387243433596444 65.29510784230357 -4.7338899772280065 -1.2884166202886427 25.43326661351209 11.140591081166512 110.73150315243687 -0.11277187757441998 86.30124342172984 7.748406172607958 6.926169041495696 6.926169041495696 
6.926169041495696 6.926169041495696 12.920179023529624 21.958365762000675 12.403633003816719 12.842868841471141 48.80470568631361 -82.49669395630586 34.37147518898159 -16.127508954664357 10.717540896626769 -92.1576994491517 14.957841592808194 -7.487381133160457 -24.676982472871337 40.75620438159133 99.69746166654993 -29.434473927331105 66.4461433837812 119.86692884684915 12.32055433877743 -27.447397851240268 62.79444162939082 72.02014309794818 25.364568741933354 14.821096889210075 6.926169041495696 6.926169041495696 
6.926169041495696 6.926169041495696 6.926169041495696 21.958365762000675 20.344226214241523 61.641966000936605 43.48377293654764 5.366638587860958 -113.04452302588844 -15.233059436634626 -168.4537781881605 -8.070536905920449 -0.7244684341248886 -36.54512782527395 2.3282352477049626 62.52794323093711 -44.803000678356796 -5.534303212357074 -68.79515909370654 28.490310214113585 -18.40765146581559 -14.639077395511666 -6.309150147804212 -8.008556714090615 -9.675471606160361 18.72771945377046 8.860405018284858 6.926169041495696 
6.926169041495696 6.926169041495696 6.926169041495696 6.354164675531019 37.76528176648624 5.992381717028305 41.45731433319112 88.04499070601186 62.86876266404575 -74.62742936743395 -26.14345010819475 29.04702823265631 -19.642245986763033 100.11249797524518 -114.84542389709871 85.20852825439788 70.88613806847204 45.63414720972793 129.26503455973375 -102.87383915985522 -11.44848055480541 0.27030759794366266 2.199451405128319 44.24009990220385 -11.701087016391156 -15.734794610871889 10.832791606056063 6.926169041495696 
6.926169041495696 6.926169041495696 8.92018698765721 8.324467206672779 -34.420109014421584 65.41635517449886 29.804955352802562 27.501932340474845 75.10470353118326 48.57520274442594 -20.095253824998707 40.048485231119585 19.442654614821404 -24.416901460462128 1.4686699245944486 11.058355681803455 39.133158452037094 -20.23738356852543 -0.9258517139201209 91.7413996038925 -38.62101642480087 -59.74080779414011 43.60881589507133 -12.925229275691379 -37.71541468101442 -7.95737072979675 10.832791606056063 6.926169041495696 
6.926169041495696 6.926169041495696 8.92018698765721 10.3359044511488 37.73716568550361 38.02076842530778 -163.62808777453645 -33.08054932235566 46.86566093863259 120.76978353383338 19.748686747910646 44.67525365492402 71.89516234451484 52.41146964866117 77.88638184635133 44.03472841772718 52.1857337658882 36.6537302892328 -4.15185608378077 86.04250951615812 -84.68107965058913 -103.90946913569441 60.063384951341234 -97.41532951895566 5.413446219367938 -4.021368768060144 8.860405018284858 6.926169041495696 
6.926169041495696 6.926169041495696 0.9341451331133139 22.11328719909858 17.842940426088532 -77.00627943680273 -54.32850129404737 -55.32667173124186 107.17048380623892 8.798405447126633 82.13690472499789 -43.34190603803651 89.52487390289583 73.74588284415306 -24.368991906880495 28.338787539836655 -83.94286170291919 -75.3530741262091 -51.263006351673056 61.58238131013381 -126.23376343707895 23.372986587813656 27.150334704668857 -47.37237017653611 1.1489581778391873 -5.965554993605528 8.860405018284858 6.926169041495696 
6.926169041495696 6.926169041495696 -67.18073506707702 -131.21491064984946 -40.928442606952856 -19.46002184273122 -45.39378697315409 -64.16332584803432 -60.3880684572876 -85.50288817029285 32.26735540429051 -5.171594106108291 -10.544605628546861 -16.976769685129735 -31.970429479514127 53.32846490807408 14.112534881661151 -131.54110637400817 -75.93616603765926 7.753532194136786 18.146497171448562 -45.804887254225704 -47.82288045540113 -40.794578574066676 -0.8498062885824524 -2.0089794860211203 10.882744549080105 6.926169041495696 
6.926169041495696 6.926169041495696 -69.18073506707704 -63.28105798716897 -3.995216644638078 -13.630514853764845 33.055294312151474 -184.70432467658944 -79.22323486538609 -23.515941973596966 -41.97326952898719 88.107237248213 21.326009360468284 -77.2852294154024 56.69557016119617 28.615537724711672 72.03931229883368 146.63404477934 -11.824181991936072 -45.598685156375154 44.94765557910219 49.69704180375773 55.50747524625909 -44.26326351502841 -60.754641581139765 43.893487484833386 10.882744549080105 6.926169041495696 
6.926169041495696 6.926169041495696 43.21387949959396 49.11355657950199 -140.5014031049583 -48.595103369578126 160.8752182585373 -88.32468379270024 29.82497318004958 -31.657260722927948 -8.735213340852091 -34.92048723947704 18.07597150348152 -37.65452899438036 10.919059479781275 -120.83231204279382 -55.916110031899095 0.9710765209003731 -47.254217139785666 -42.34880286167994 -16.121648081530736 54.197684474651766 -93.48973075936878 -40.32598063468619 -51.51239545379907 32.35563791949134 10.882744549080105 6.926169041495696 
6.926169041495696 6.926169041495696 10.876794996230299 16.78628480992672 4.522501195727341 16.65357517849851 -68.56753066574693 50.26230657720569 33.133905588408155 -8.327310318610502 -51.562885705450455 -16.511124297104793 21.49377891600701 91.24524635461411 -118.75655709838618 -21.104858991917588 -30.23286075011252 68.59813911970153 40.54801620916629 -56.89366434937318 -12.445790973001468 38.82852578236589 -101.99116478980496 -88.17124962468564 28.035078696487005 28.399062411906932 6.926169041495696 6.926169041495696 
6.926169041495696 6.926169041495696 6.926169041495696 6.926169041495696 -6.165015269703488 65.43136159755105 -53.42595456983702 -7.7567317924462404 -61.06318077337863 32.61962882060507 -30.136822715956278 -93.20267654368347 -17.319731506676163 13.514026385137672 17.37179561115954 74.27980165360523 -53.223907134355485 -22.957807484471545 4.852295846828022 21.478153017342404 -35.17461800056083 -54.85681182982128 -65.89154057068298 18.406650956742396 8.560187324077777 6.926169041495696 6.926169041495696 6.926169041495696 
6.926169041495696 6.926169041495696 6.926169041495696 8.926169041495694 -10.10358394301068 -7.8091852860756195 32.8184716018871 35.72277075673033 -35.81690953086297 65.93470592331172 -51.378660719420765 -40.12943860495356 -120.05602097193871 -87.66077930980445 -42.21364964511508 -41.541026462863826 56.46833344474129 -14.0446771626748 -51.18844984302403 -6.680799763338202 -27.878917829252064 -4.812996676574709 -12.828918291499047 7.240820366726596 6.926169041495696 6.926169041495696 6.926169041495696 6.926169041495696 
6.926169041495696 6.926169041495696 6.926169041495696 6.926169041495696 8.926169041495694 -52.372827185890216 -27.840031541196367 3.0900388108087364 -10.688183381526851 -67.62775999604733 -54.445475776380405 -26.311986037952813 53.026067702865745 2.5047627524358163 -47.42733570875819 -62.692308943021146 -81.4573151389156 -28.07169334055765 -0.46413728361904494 12.487145539302578 45.94109511313452 42.31184735572022 22.746793528799266 38.04068031186762 38.04068031186762 6.926169041495696 6.926169041495696 6.926169041495696 
6.926169041495696 6.926169041495696 6.926169041495696 8.926169041495694 8.926169041495694 8.926169041495694 6.926169041495696 6.926169041495696 18.488193385480365 18.488193385480365 30.163603025693064 30.163603025693064 7.519077973667346 -8.341428711349538 -8.341428711349538 -2.885603358414418 14.935021128889161 25.00228596957775 23.00228596957774 32.21676970270484 42.31184735572022 42.31184735572022 26.491222868416656 6.926169041495696 6.926169041495696 6.926169041495696 6.926169041495696 6.926169041495696 
6.926169041495696 6.926169041495696 6.926169041495696 6.926169041495696 6.926169041495696 6.926169041495696 6.926169041495696 6.926169041495696 6.926169041495696 6.926169041495696 6.926169041495696 6.926169041495696 6.926169041495696 6.926169041495696 6.926169041495696 6.926169041495696 6.926169041495696 8.926169041495694 18.396145215401255 16.396145215401255 6.926169041495696 26.491222868416656 26.491222868416656 6.926169041495696 6.926169041495696 6.926169041495696 6.926169041495696 6.926169041495696 
