6.92530740160298 6.92530740160298 6.92530740160298 6.92530740160298 6.92530740160298 6.92530740160298 6.92530740160298 6.92530740160298 6.92530740160298 6.92530740160298 6.92530740160298 6.92530740160298 6.92530740160298 6.92530740160298 6.92530740160298 6.92530740160298 6.92530740160298 6.92530740160298 6.92530740160298 6.92530740160298 6.92530740160298 6.92530740160298 6.92530740160298 6.92530740160298 6.92530740160298 6.92530740160298 6.92530740160298 6.92530740160298 
6.92530740160298 6.92530740160298 6.92530740160298 6.92530740160298 6.92530740160298 6.92530740160298 6.92530740160298 6.92530740160298 6.92530740160298 6.92530740160298 6.92530740160298 6.92530740160298 6.92530740160298 6.92530740160298 6.92530740160298 6.92530740160298 6.92530740160298 6.92530740160298 6.92530740160298 6.92530740160298 6.92530740160298 6.92530740160298 6.92530740160298 6.92530740160298 6.92530740160298 6.92530740160298 6.92530740160298 6.92530740160298 
6.92530740160298 6.92530740160298 6.92530740160298 6.92530740160298 6.92530740160298 6.92530740160298 6.92530740160298 6.92530740160298 6.92530740160298 6.92530740160298 6.92530740160298 6.92530740160298 6.92530740160298 6.92530740160298 6.92530740160298 6.92530740160298 8.925307401602973 8.925307401602973 8.925307401602973 6.92530740160298 6.92530740160298 6.92530740160298 6.92530740160298 6.92530740160298 6.92530740160298 6.92530740160298 6.92530740160298 6.92530740160298 
6.92530740160298 6.92530740160298 6.92530740160298 6.92530740160298 6.92530740160298 6.92530740160298 6.92530740160298 14.817175070500443 18.79528051158895 -25.86797394738477 -23.959577000819884 -47.06290577241471 -70.26831247824346 -54.83594078960971 -24.959428915023153 -23.122586377643024 -50.559346838598756 -153.2987494135816 -21.364616428976 -7.402344780573488 8.300635870978075 31.67807447967701 8.925307401602973 6.92530740160298 6.92530740160298 6.92530740160298 6.92530740160298 6.92530740160298 
6.92530740160298 6.92530740160298 6.92530740160298 6.92530740160298 6.92530740160298 7.268985414940051 -0.03382648890656148 -23.800622730839855 -47.2023234372094 -25.94953672181699 -24.819602739068735 34.749651889360905 -28.639068176538295 -42.606096977153854 68.58101857822714 -38.856072496202515 -32.73568993001703 -50.143132686119486 21.02269835960483 -22.983626273584306 74.42096841907136 97.42001318200701 63.647667080229176 57.46830667887879 8.925307401602973 6.92530740160298 6.92530740160298 6.92530740160298 
6.92530740160298 6.92530740160298 6.92530740160298 -20.555792929515192 -22.410570824108262 -4.169347084057538 -32.39416225803772 -56.72162321135366 17.31008149043729 -78.83007203364835 -49.03649749512323 41.5561889673568 -51.0697065626659 63.0418258355614 -18.23282202823004 -100.61601802032362 58.07613936493462 -15.16391698860628 -21.825987990951475 65.76216450490317 -33.81650611848718 90.56105051526094 58.99408241143921 100.24272931472933 70.70237727604021 10.921315385634903 6.92530740160298 6.92530740160298 
6.92530740160298 6.92530740160298 6.92530740160298 -45.751947136036634 -32.397666507859725 -73.17469414326145 -25.689917037019548 -7.849134045709201 -55.13029415582179 53.45601336550119 -120.93423892259105 3.449071637230624 -89.38158966859197 17.608798803487325 -29.89937239488566 -88.28893253826439 7.75132886398795 66.23246499302076 7.7520267264356875 -25.3494629754492 -21.78330449864999 5.492138528401615 6.549013920192357 59.58682378118523 86.03579250351282 22.2587226290756 6.92530740160298 6.92530740160298 
6.92530740160298 -33.815851035226146 14.895495884803363 -32.634191280782964 -102.01947006364512 -32.09650539218547 -133.87534032677235 -1.2350992063088477 -119.27179446531756 -21.610761569674747 -0.48980519181194926 -15.535815826159965 -105.59387667034781 62.1799209192728 -48.901389053965474 -39.41430775437871 34.66009407074979 -58.218999129273584 -68.48319884907274 -10.306101194323931 89.70100455913996 -11.92396518751489 -31.830460626760686 -4.043025174458494 69.01319922840372 31.921678721119537 6.92530740160298 6.92530740160298 
6.92530740160298 6.92530740160298 14.895495884803363 -92.3667194680271 -135.71291809348227 -72.2580297014275 -65.42508967528153 -14.860360286074062 102.1014373267615 87.40653581077942 -77.71718794848537 45.08533311248793 19.557918602167774 55.724720644306004 -17.876281304735528 -7.83139837076129 -121.9363266023473 45.12005291705802 109.45869140456418 9.203073846317436 -91.96518367284057 -15.795510205614777 -19.10225597242698 44.499046452754 85.03516561511955 18.528127703152244 6.92530740160298 6.92530740160298 
6.92530740160298 6.92530740160298 -4.632012858904637 -82.10669347967078 -97.84014598846355 53.9986590552311 -111.76934111746485 -1.6993346154865208 3.080430716028821 12.848649913657226 56.03823708285128 16.58164320274 -48.63415551639379 -91.53979137513285 104.59313327014101 -89.73627907128551 -70.1288531387515 -44.90060257612093 -33.38729055590777 21.86906329580839 -54.237601426964915 -3.1831219624447815 -12.215832895057355 19.272833588179303 82.65018517631776 41.866217186092314 6.92530740160298 6.92530740160298 
6.92530740160298 6.92530740160298 -4.632012858904637 -16.719695261271312 -24.22548940142316 -11.53200394711281 60.152155184859524 15.910427840118155 -51.53991371300832 87.72268150911256 5.665022541902481 129.46980937887983 58.95393171109518 50.09307439754684 8.34201216261933 39.183361037841294 -120.16552624509737 -55.54546708512768 -46.99431559832425 -87.99225441527992 -19.541771244026684 76.36524925154202 -44.63501856797714 -31.291730381146056 63.10220862382316 36.27054889609015 6.92530740160298 6.92530740160298 
6.92530740160298 6.92530740160298 6.92530740160298 -12.71969526127135 23.81510659081043 71.03579993229738 35.20233652291796 41.71631172847319 37.42459012462666 89.77833588012095 84.48069634960714 16.812495456587207 9.705840160530615 -8.254464980513482 -114.02328648852728 -37.108078745850634 -76.39046948244982 48.82701753614408 17.045258862610474 -81.61864321021744 -2.756453333571246 40.23845069787615 -37.15598289039551 3.0311124267570335 30.353295491819758 22.49240380083959 6.92530740160298 6.92530740160298 
6.92530740160298 6.92530740160298 6.92530740160298 8.897693989374178 33.76827782448822 116.90415150428382 122.51779896821145 5.244282120793521 6.763984815919147 11.013080395111261 42.614177588807934 -136.21265422695004 17.948454934619914 34.3554094467098 5.673392143891954 19.317318170630834 -25.767635544165326 -41.54285625722001 -97.61335300110272 14.003810377030304 74.11828790611014 23.11752616768497 -10.5485081502398 -16.627240785253385 14.830764961789288 6.92530740160298 6.92530740160298 6.92530740160298 
6.92530740160298 6.92530740160298 6.92530740160298 -2.755972279549945 18.756331996207507 87.92270573541387 -17.434707502190435 -27.0186466593102 74.7305879525143 -6.906651320752239 -23.837720835386328 96.79256222447509 10.39446372093838 -152.952648229064 -59.17137117929764 -44.185652316572586 58.16055275633673 -11.997947699267373 -7.845433918471705 -106.85271086813057 23.89786254736029 61.37354715480605 32.913330109759016 -0.44028625547755584 42.066264432242335 32.15285462529779 6.92530740160298 6.92530740160298 
6.92530740160298 6.92530740160298 6.92530740160298 8.897693989374178 14.497995542453477 11.66553110737283 40.02841211673963 66.49010992348671 -27.430061217316656 -130.60769038483227 113.80486301425282 -3.45925901241701 -37.88645484677825 19.251368918530723 6.578132808847058 -20.32311641294553 112.3680965596946 -124.69382955439144 21.33625573439356 14.441151849589776 31.9811018511905 5.868203249987502 38.67301492119525 32.64645796519325 -8.230105197023974 36.12307892819341 10.895531704498572 6.92530740160298 
6.92530740160298 6.92530740160298 6.92530740160298 16.806855602629035 -1.1108234284714498 89.04593548513782 53.83318530937396 40.8270801802326 -52.23623373745515 92.60838355367008 62.54769892219673 -23.965702750265635 -40.72283576103662 -60.725817890148306 -2.9902246373810497 -4.620464848849759 -83.92122786034541 66.10290171181482 13.514070545445481 20.916565293103716 111.93440767030313 -53.06782244058127 -6.095997490572337 34.57869260654114 -6.346623270274364 34.15285462529779 -35.26917842460281 6.92530740160298 
6.92530740160298 6.92530740160298 -14.431305939575884 12.746209821177802 22.00173907743372 16.701516488869906 -16.088041319700903 41.393983535629474 122.61005141225439 30.742142090808095 -36.58279106546708 10.893771533682262 84.09212343786166 80.07937843484765 -66.79476361940654 -124.78943482660085 25.715089516442426 41.67779673408293 35.29152126276888 -90.52536006944905 14.387718208914645 28.8638729583083 -43.114850831332475 44.276483579211686 22.191029172088662 8.925307401602973 6.92530740160298 6.92530740160298 
6.92530740160298 6.92530740160298 -14.431305939575884 -16.07191590487511 -87.74108167898746 16.316482529605846 61.34391288621744 25.594421647647273 45.873313874920555 -30.33725109229359 148.37456675058314 9.502493539241874 16.027922543900722 -28.171659036938202 101.31681424297284 46.550713804351844 21.705972016180098 -33.99157994647082 -147.35308517965552 -60.249850009813215 -5.748400869097532 47.20139160758578 -133.09974623711682 104.58687585583186 37.511919594948395 18.59492357343455 6.92530740160298 6.92530740160298 
6.92530740160298 6.92530740160298 10.917331309985348 -51.5133340696421 -106.83690713613404 -3.767147269698116 -109.72244585168818 43.63464693058525 -35.55964074462781 -31.09472038754273 -7.043065918695177 41.83151055851977 114.58941851066669 23.436635715449192 140.97449467689108 9.313077918002898 -59.23542473613598 10.2880246206057 -39.0654900846922 44.685085088087774 -63.90827568729057 -0.21210666035446413 -90.67621960667208 54.62704005204553 37.78797965052739 18.59492357343455 6.92530740160298 12.860866563943722 
6.92530740160298 6.92530740160298 77.18514711623632 1.0631616001003068 -110.01347871778967 -59.34074243408617 -96.04979701765626 -193.0149862093288 1.5177817046211026 -40.68297763657118 121.83172907286513 146.6674805687438 -81.34345938847983 148.10890194604204 43.58478728270693 -52.61692193144431 -55.39675925760908 41.324230299243425 70.64971880103185 -32.14233045797802 21.383317064374317 37.121514229119725 -50.63363333115166 35.63211575611527 30.06440266793603 30.33000620808032 8.903546768566374 12.860866563943722 
6.92530740160298 6.92530740160298 77.18514711623632 -15.975035624142118 -101.99266253769602 -152.37016013947834 -20.031810040082796 -20.14752356199343 7.386932781013847 68.53686073120376 117.79531252782994 21.0021248306319 -73.53304584605563 -15.883006947800185 -56.37263164989557 -26.342111819676617 7.518110386456792 -28.04650243980666 -137.94526257892426 -44.72502328080931 5.348840463245326 -57.309251089935884 -69.2212459388292 8.944739839692568 0.45925505176750003 20.66039003624875 8.903546768566374 6.92530740160298 
6.92530740160298 6.92530740160298 -31.36240305649526 -81.6745679972129 42.64191597419601 -41.24189281141973 -101.61247907647189 49.30213667149593 13.73262059085828 37.78747749961076 -26.66545789812222 45.447302370551455 48.45557281060826 1.4783942912754173 -61.35822805368599 -41.57049631603198 22.058384995786234 -99.72831129637137 68.84893065186638 -13.179431111281426 -0.9937153282466308 -77.55252405197655 76.39798891887959 -61.124401216588524 76.61704352044683 8.903546768566374 8.903546768566374 6.92530740160298 
6.92530740160298 6.92530740160298 0.9746814468683687 -3.025318553131628 -55.25204831339984 48.07523175470428 51.065752722037416 86.71762816246198 -154.77491071505605 -8.401283472641639 -17.075617368567993 -27.90722924559839 26.73964740383419 30.441661729530786 -8.56135959158143 -48.86928265981233 -60.19040044792176 -89.67613129227198 23.02855255655966 4.749768386885695 105.23318965723666 -94.69214267010796 21.606935959561504 18.694019032195648 36.05800521242506 6.92530740160298 6.92530740160298 6.92530740160298 
6.92530740160298 6.92530740160298 6.92530740160298 -56.801685743530555 -111.88990770510128 -100.04634252666338 16.90042932934717 -32.12203873727903 61.49708043400835 -72.58057833119965 -66.57731683632387 -23.009932651723567 72.18991671836672 -26.922821303056345 -31.530171783424937 23.912855048303165 -22.821663732119383 41.31922811397206 112.57594647911716 -136.20855394182496 -103.04926576242912 53.33209572123111 76.83919949218969 15.262702358738784 6.92530740160298 6.92530740160298 6.92530740160298 6.92530740160298 
6.92530740160298 6.92530740160298 6.92530740160298 -66.75064488599308 -65.07144753252848 -59.52900053804113 -49.08236646134506 -115.495931369694 25.174751887721612 -55.57786931729353 -56.95569123090793 1.4322390093490676 -132.12279417355379 -0.7318482399965228 -23.28899848337472 -56.202200022247155 44.66417498604912 53.2857442670126 -42.00794154332266 -31.412502825126097 31.582839954746984 79.4778308593304 15.0493997138619 -6.367297384225635 10.917327345766482 6.92530740160298 6.92530740160298 6.92530740160298 
6.92530740160298 6.92530740160298 6.92530740160298 2.927305403600979 -43.20065027745204 16.13763541414977 27.663741953633632 -92.2602933745809 -77.49916264864888 -124.02052090108324 3.5033603457779243 -26.440544227380457 -112.29141831985055 -118.80273379079472 -81.82228825799834 74.42097828552224 26.617251225671005 91.49566340779978 17.472855077434833 -25.294759638110747 -38.62342042781253 20.062248038490786 -16.074268726953864 6.92530740160298 6.92530740160298 6.92530740160298 6.92530740160298 6.92530740160298 
6.92530740160298 6.92530740160298 6.92530740160298 6.92530740160298 8.925307401602973 8.925307401602973 18.62864251057165 18.546188052278268 8.84285294330959 12.828926511888122 -39.940688838569955 -28.576660389860862 23.86767498005583 -4.501904896883675 -21.990330738537615 -74.19657504689536 -8.375570442547938 54.9466579718036 54.9466579718036 2.0087632924604124 2.0087632924604124 -16.370691214177015 6.92530740160298 6.92530740160298 6.92530740160298 6.92530740160298 6.92530740160298 6.92530740160298 
6.92530740160298 6.92530740160298 6.92530740160298 6.92530740160298 6.92530740160298 6.92530740160298 6.92530740160298 6.92530740160298 6.92530740160298 6.92530740160298 6.92530740160298 6.92530740160298 6.92530740160298 6.92530740160298 6.92530740160298 6.92530740160298 6.92530740160298 6.92530740160298 6.92530740160298 6.92530740160298 6.92530740160298 6.92530740160298 6.92530740160298 6.92530740160298 6.92530740160298 6.92530740160298 6.92530740160298 6.92530740160298 
