3.9287300482157006 3.9287300482157006 3.9287300482157006 3.9287300482157006 3.9287300482157006 3.9287300482157006 3.9287300482157006 3.9287300482157006 3.9287300482157006 3.9287300482157006 3.9287300482157006 3.9287300482157006 3.9287300482157006 3.9287300482157006 3.9287300482157006 3.9287300482157006 3.9287300482157006 3.9287300482157006 3.9287300482157006 3.9287300482157006 3.9287300482157006 3.9287300482157006 3.9287300482157006 3.9287300482157006 3.9287300482157006 3.9287300482157006 3.9287300482157006 3.9287300482157006 
3.9287300482157006 3.9287300482157006 3.9287300482157006 3.9287300482157006 3.9287300482157006 3.9287300482157006 3.9287300482157006 3.9287300482157006 3.9287300482157006 3.9287300482157006 3.9287300482157006 3.9287300482157006 3.9287300482157006 3.9287300482157006 3.9287300482157006 3.9287300482157006 3.9287300482157006 3.9287300482157006 3.9287300482157006 3.9287300482157006 3.9287300482157006 3.9287300482157006 3.9287300482157006 3.9287300482157006 3.9287300482157006 3.9287300482157006 3.9287300482157006 3.9287300482157006 
3.9287300482157006 3.9287300482157006 3.9287300482157006 3.9287300482157006 3.9287300482157006 3.9287300482157006 3.9287300482157006 3.9287300482157006 3.9287300482157006 3.9287300482157006 3.9287300482157006 3.9287300482157006 3.9287300482157006 5.910890603220655 5.910890603220655 5.928730048215701 5.928730048215701 5.928730048215701 3.9287300482157006 7.734973772757372 3.9287300482157006 3.9287300482157006 3.9287300482157006 7.734973772757372 7.734973772757372 3.9287300482157006 3.9287300482157006 3.9287300482157006 
3.9287300482157006 3.9287300482157006 3.9287300482157006 3.9287300482157006 3.9287300482157006 3.9287300482157006 3.9287300482157006 3.9287300482157006 5.91482736698432 5.91482736698432 -46.617419054135475 -37.45099201851172 -40.12672679925354 -72.8263905842603 -58.20712127040904 -90.51637634855972 -67.25070646307606 36.12406784098355 -0.805162086534876 19.296557679803794 11.619178388522387 13.826414438237242 5.928730048215701 7.734973772757372 7.734973772757372 3.9287300482157006 3.9287300482157006 3.9287300482157006 
3.9287300482157006 3.9287300482157006 3.9287300482157006 3.9287300482157006 11.434855242272667 3.9287300482157006 3.9287300482157006 -5.957165396020106 -29.560422629951344 -7.019337390610956 16.781374568534325 -4.399318259350202 -14.961267199322194 10.570245867767317 -82.33171269877768 -22.67186538950276 -90.84726207666709 -143.85503817496163 -119.65150393614714 -59.4462258181404 33.17456974100373 -5.450468323582159 12.712288255596176 4.493419255797055 40.294550103665095 34.57176687485343 3.9287300482157006 3.9287300482157006 
3.9287300482157006 3.9287300482157006 3.9287300482157006 3.9287300482157006 3.9287300482157006 5.928730048215701 -23.060776641659206 -19.16926916678025 7.026508275561844 58.16053909655333 -26.098558340829833 -49.487485997553755 57.17982342832723 -116.53356622054362 -12.754489676390671 15.591335285992004 -89.06435355617343 -99.01468861052687 -4.540652689738801 30.992694377679857 -5.466435643168157 -193.0541644182316 -47.077957541332616 52.13225665400865 -8.037539053507905 48.67004914233515 17.94164610427462 3.9287300482157006 
3.9287300482157006 3.9287300482157006 3.9287300482157006 3.9287300482157006 3.9287300482157006 25.871026273574568 36.40448621495357 38.36478707965461 18.892625185770566 -17.876976287072978 131.28811236393508 -69.49455865489305 -117.38487067385516 -38.20855469180051 -95.85273293128084 51.19320339259058 -78.91423347411695 -30.482668321577492 -71.67782082912562 -14.618681845543971 28.037671070411104 22.974274648245537 -38.663930802052086 -137.1928971986114 -18.281868257220925 18.65620082592741 -28.837387342453585 -7.58827381489771 
3.9287300482157006 3.9287300482157006 3.9287300482157006 3.9287300482157006 30.486826661255048 54.42518235773671 117.00930496691866 -97.00981653242194 -66.77997191102003 65.57007744662162 39.187065973433285 -34.54799489090298 2.6365537958220253 -108.03970489092767 -70.70112786073406 28.107782947861114 -50.40588623904262 51.78328729059579 -47.848186958910325 -70.63259217663528 -90.340900436621 -11.444111413732704 -70.09284379433632 55.90563736877659 -10.100331773318047 10.018338387959774 -36.60317633540581 -7.58827381489771 
3.9287300482157006 3.9287300482157006 3.9287300482157006 3.9287300482157006 40.3800474409942 15.807892252239233 -32.10628046138118 -61.955371723224495 8.604982423563177 -30.394834203509475 -54.850384403779806 18.60106860800906 -79.27458771520553 160.69146747587007 33.395034997658776 17.077910737041254 -28.632518568168283 -6.74978690294206 10.43324052716405 -18.603628495096455 89.33765482239441 7.701218019964972 -22.58264619300053 -119.76922383176002 -160.24818669065087 -78.00348954353892 -52.07826216593764 -28.88681757513329 
3.9287300482157006 3.9287300482157006 3.9287300482157006 9.750323977824477 9.401255750842834 13.626165132552016 -67.54787443636134 -38.183248167258064 -104.47371446308468 -87.02718617172506 48.35474068723524 -75.94853619742273 9.51894390190501 54.36423019922038 -70.8477905197073 87.87352716712407 -42.59924442665933 68.42265631278465 8.90988001293204 -145.3203992459491 -94.97726773528329 27.545904568456432 -44.15178962188502 -95.76527844660713 -88.95775227455867 -23.819770088381087 -4.109214237428106 3.9287300482157006 
3.9287300482157006 3.9287300482157006 3.9287300482157006 3.9287300482157006 -8.286223132928173 -36.94251336404057 -91.19578573275122 -9.877296468335972 53.82333616003532 -58.0162118159716 -75.0955985263045 5.258611319850167 -29.957365251832936 -70.90857046141662 24.207858094829465 9.12589596068357 -26.507085669590918 -11.19971706154307 21.099217815732555 -10.208916704709678 -183.5954824839549 -90.97609067475692 -6.159233894113134 -60.12936794627233 57.68251821770071 102.31233373613439 19.800838125914357 3.9287300482157006 
3.9287300482157006 3.9287300482157006 3.9287300482157006 3.9287300482157006 11.358667580839315 -83.43660702794294 -78.8239151754773 24.024306330339467 36.7269442490609 35.63475717959434 -125.7062690529833 -9.389020974674176 -32.38040600237592 -107.49853860652776 -21.06272483279245 23.19864930080664 76.21094413972736 11.763165712588657 21.36846855440424 -24.80335316560127 8.114209934461153 -68.32699656825939 -32.29668867799777 -109.3276455775249 40.70969996174066 19.11537594115671 19.800838125914357 3.9287300482157006 
3.9287300482157006 3.9287300482157006 3.9287300482157006 3.9287300482157006 -31.573912516747594 -89.06571949209031 -45.30152783227613 29.902704952424425 -32.88356478546094 -26.06281860411188 32.33674357053928 -3.965497761921143 -73.5253411795528 6.028122854865473 -30.813862933633743 -122.27939659478803 9.383691189186695 3.332959789053537 120.14701976197522 -24.84795130693497 -221.33548166965628 -4.4753430361408615 -101.91650864009775 -29.192182688971744 -104.10866270338398 9.007402818656322 3.9287300482157006 3.9287300482157006 
3.9287300482157006 3.9287300482157006 3.9287300482157006 3.9287300482157006 -27.734914635196535 4.082628842819804 16.61448337417945 -8.448399795678347 24.41508450980351 18.055946828873104 61.14394323540215 -89.90163120819538 -52.909894261721384 -44.275070630965324 -67.81494128143602 -25.24581052582303 -117.82067122917387 12.97629868770891 74.70186526737422 77.33819963663301 7.291074875185202 77.46649789942039 -102.70039698520678 -46.44419630888857 -26.069989403074718 -35.12156346120502 3.9287300482157006 3.9287300482157006 
3.9287300482157006 3.9287300482157006 3.9287300482157006 3.9287300482157006 33.23780301617028 6.27179105043539 16.595100259576302 -49.54499733026086 23.703604775243956 -39.510993894704534 0.08518581806335024 -73.67949607433656 -17.766717890427 -14.90903792701856 -17.482111137641578 -136.7053606162768 -120.77584792023428 -35.58559334069741 100.80824497351968 -31.501318747949323 131.27551743241594 86.29015868209812 89.20243858149193 -27.163971508355058 -37.07948983094045 -29.1453929241661 9.9049005852546 3.9287300482157006 
3.9287300482157006 3.9287300482157006 3.9287300482157006 3.9287300482157006 29.345966887804632 86.34907030028096 51.028161750757924 47.24794925866782 122.17871909008618 48.90782302984223 61.730110296942506 -42.09449594875934 -81.93557902744139 -30.341498857486293 21.346235194853474 -60.20845580732841 -45.519429563428695 90.53346142193733 -62.214330114716496 72.15304014829364 23.531958894861905 43.6825815380759 49.09607664947527 -34.88584251460822 -31.440829406696043 28.549401934028122 52.099457239386886 3.9287300482157006 
3.9287300482157006 3.9287300482157006 3.9287300482157006 3.9287300482157006 27.298214296028117 26.392990231180608 9.541441783404528 23.577686446419012 81.56309975147782 -30.868020630158625 30.7791664103999 -6.718439831720449 -56.59472969725915 -115.80231541397184 -18.253438413095065 -38.0695207579109 16.701577486374262 29.664180351425617 -25.967697094678517 76.40454009766388 -31.364946179924534 -5.486541248030034 34.52702521978399 -5.706503108484148 -24.546073335413748 28.549401934028122 5.906969415179103 3.9287300482157006 
3.9287300482157006 3.9287300482157006 3.9287300482157006 5.928730048215701 8.586215827706058 -0.340693945753324 122.88205731099542 -19.488374323058625 21.917672987788688 -97.16408367989227 -54.18639655683379 -13.165858315651866 -47.29345527481738 43.82053873371742 -6.519471529981061 -51.0569647601943 -0.06792468766248216 -21.919912830130027 115.10238587794323 31.57694003554889 -58.15040206894097 52.85010054356875 -34.2079026730086 -31.02144969503005 12.387691824404934 28.549401934028122 5.906969415179103 3.9287300482157006 
3.9287300482157006 3.9287300482157006 3.9287300482157006 5.928730048215701 10.676087899019228 5.368907104299204 3.6063927139455494 -32.377541525742835 -5.523246414182469 -40.19593908487736 -25.258111930752523 -56.62460781595326 -31.36371006776579 -15.020007614645081 35.54051324653623 17.386152449587676 46.7683606018926 -31.98672160914288 69.65934423641556 113.00793681457564 -1.1256810575539555 13.342688651710992 -15.063089533716846 -23.984734587577503 -13.326621860121458 28.549401934028122 5.906969415179103 15.877075320031468 
3.9287300482157006 3.9287300482157006 7.9147877834914135 40.63960895334305 95.91127758297274 -40.88984345368363 34.02350745136 -12.61377531074857 49.699184090904275 -43.919284083848545 -47.72928344691412 29.61844904841269 29.158895889910543 -13.385676351432247 43.370109419336664 28.093368843480267 -7.656392017944187 -8.25027907635714 3.6908265809318666 40.5722690477187 53.42760266760326 -20.573208137241 -69.52972071779475 -8.685969169376223 42.62015971852161 34.49607510478153 5.901116635986905 15.877075320031468 
3.9287300482157006 3.9287300482157006 7.9147877834914135 40.63960895334305 52.833479497941674 -40.88762545416177 -56.16249963053509 18.571367675946544 38.78280439323105 -90.51675405799749 4.985613360171027 77.43688157157978 19.394351526687668 16.45512867540326 26.692994251737407 47.28926297251079 86.45487776034786 -104.86054780135272 -30.808858310081604 -52.8152834573718 48.0455011985702 61.83294823986504 -69.01236327970052 10.327877896707724 36.140674764464926 32.68415386662033 5.901116635986905 3.9287300482157006 
3.9287300482157006 3.9287300482157006 7.9147877834914135 40.63960895334305 70.91162425795874 -44.53132898136089 0.7244735024012552 21.168557463566604 -69.91461497777631 97.4669948213719 5.915544882842476 91.04106521604216 57.15713603676925 -14.634500470954615 69.19950099934749 -64.39779476441288 -60.57456160133115 -11.342798129114156 -50.745578707061505 -53.625208565895484 -13.611597413727823 -41.80960177544677 -7.033797628746313 21.912018471792894 20.960142746613048 28.709867283638115 5.901116635986905 3.9287300482157006 
3.9287300482157006 3.9287300482157006 3.9287300482157006 5.928730048215701 47.07624247414187 7.342274374773365 29.819783522869255 15.62004908711357 -64.89980614673665 61.479621999864214 8.270961037783897 48.70193622950287 -80.6952030227228 -76.13044195743954 -6.993042014506316 47.126328674551125 28.239958667264606 9.563686155241447 -34.61643111303028 -20.541560437757784 -32.8738094865538 -23.09938547703406 -22.410770443511414 20.48012723027097 7.050783001075469 26.737480695866918 3.9287300482157006 3.9287300482157006 
3.9287300482157006 3.9287300482157006 3.9287300482157006 19.59787796383316 66.22571160411385 26.809263913897137 -7.6724296887308965 56.32239480081471 3.180045767335277 139.18693111301073 -37.1346448449681 -16.213014457491205 -24.81046997529806 -92.08406060908105 3.3992735307879025 -51.01614428039016 63.055677441211515 19.812591021740335 -41.13097598214339 -25.18885235022976 100.92437205245345 13.297691401358053 -43.87962118026754 -17.715068758097676 13.521307431709333 3.9287300482157006 3.9287300482157006 3.9287300482157006 
3.9287300482157006 3.9287300482157006 3.9287300482157006 21.597877963833152 29.505793982055206 45.09668100578387 67.1136804737661 51.10825550617043 -49.170106483964865 -80.21426566507269 25.57792405285741 -53.131584742040864 -77.94274247703183 -81.78499618897963 -41.55282725543213 37.48659652443417 -94.39141673246135 -19.131587317932006 -25.19139920608797 -68.78123252147356 -85.36235185831289 -68.74521820390574 62.89266690401349 25.387181944687722 3.9287300482157006 3.9287300482157006 3.9287300482157006 3.9287300482157006 
3.9287300482157006 3.9287300482157006 3.9287300482157006 5.928730048215701 7.88376426131443 23.727453184111358 25.71355050287998 24.187887004660876 -3.2279174120219567 41.02519969173509 12.418495955250739 26.45464471127408 26.977056857944408 39.136410051479395 15.56473555838492 -44.303552150344494 -4.639572208507544 0.33761935282032485 -3.603021826119833 -19.244595230338692 -9.525589231292633 5.928730048215701 5.928730048215701 9.740037414912921 11.62682986774311 3.9287300482157006 3.9287300482157006 3.9287300482157006 
3.9287300482157006 3.9287300482157006 3.9287300482157006 3.9287300482157006 3.9287300482157006 3.9287300482157006 3.9287300482157006 3.9287300482157006 3.9287300482157006 15.553415904392844 17.514200218118344 17.514200218118344 28.53603342793698 28.53603342793698 28.53603342793698 9.8895143619412 9.85030244495965 9.85030244495965 7.850302444959643 3.9287300482157006 3.9287300482157006 3.9287300482157006 3.9287300482157006 3.9287300482157006 3.9287300482157006 3.9287300482157006 3.9287300482157006 3.9287300482157006 
3.9287300482157006 3.9287300482157006 3.9287300482157006 3.9287300482157006 3.9287300482157006 3.9287300482157006 3.9287300482157006 3.9287300482157006 3.9287300482157006 3.9287300482157006 3.9287300482157006 3.9287300482157006 5.9267320462176984 7.926732046217695 7.926732046217695 3.9287300482157006 3.9287300482157006 3.9287300482157006 3.9287300482157006 3.9287300482157006 3.9287300482157006 3.9287300482157006 3.9287300482157006 3.9287300482157006 3.9287300482157006 3.9287300482157006 3.9287300482157006 3.9287300482157006 
