-6.913372272681296 -6.913372272681296 -6.913372272681296 -6.913372272681296 -6.913372272681296 -6.913372272681296 -6.913372272681296 -6.913372272681296 -6.913372272681296 -6.913372272681296 -6.913372272681296 -6.913372272681296 -6.913372272681296 -6.913372272681296 -6.913372272681296 -6.913372272681296 -6.913372272681296 -6.913372272681296 -6.913372272681296 -6.913372272681296 -6.913372272681296 -6.913372272681296 -6.913372272681296 -6.913372272681296 -6.913372272681296 -6.913372272681296 -6.913372272681296 -6.913372272681296 
-6.913372272681296 -6.913372272681296 -6.913372272681296 -6.913372272681296 -6.913372272681296 -6.913372272681296 -6.913372272681296 -6.913372272681296 -6.913372272681296 -6.913372272681296 -6.913372272681296 -6.913372272681296 -6.913372272681296 -6.913372272681296 -6.913372272681296 4.818260072563896 4.818260072563896 4.818260072563896 -6.913372272681296 -6.913372272681296 -6.913372272681296 -6.913372272681296 -6.913372272681296 -6.913372272681296 -6.913372272681296 -6.913372272681296 -6.913372272681296 -6.913372272681296 
-6.913372272681296 -6.913372272681296 -6.913372272681296 -6.913372272681296 -6.913372272681296 -6.913372272681296 -6.913372272681296 -6.913372272681296 -6.913372272681296 -6.913372272681296 -6.913372272681296 -5.010422700844949 6.7602335775089974 6.7602335775089974 12.758235575510998 12.719211642402243 16.80038905469287 12.802387056690883 -0.9292452885543117 -6.913372272681296 -6.913372272681296 -6.913372272681296 -6.913372272681296 -6.913372272681296 -6.913372272681296 -6.913372272681296 -6.913372272681296 -6.913372272681296 
-6.913372272681296 -6.913372272681296 -6.913372272681296 -6.913372272681296 -6.913372272681296 -6.913372272681296 -6.913372272681296 -4.9133722726812925 -4.9133722726812925 6.868621654496169 41.776603082165 35.7458438114654 37.73250816064388 -26.391214850210602 0.011010963332931056 -53.66256271897833 20.51727020541056 18.21312659102753 -2.8801925465782574 -34.59745132039857 -20.813546097794287 -34.21031757194066 -6.913372272681296 -6.913372272681296 -6.913372272681296 -6.913372272681296 -6.913372272681296 -6.913372272681296 
-6.913372272681296 -6.913372272681296 -6.913372272681296 -6.913372272681296 -18.311240047926603 0.7887595858532626 4.788759585853262 -28.320619322518027 12.428248250651006 -12.919644889348117 -15.43189240891469 -46.14144120487506 -19.865023857261853 79.89176106827617 33.326948891978546 -59.2057932168997 -92.09188737590279 26.765892262165274 9.759748285270458 -55.14659692025456 -10.993000100588809 25.822225840476342 19.937852156385496 -4.868438058655996 -6.868438058655996 -2.9312432905523123 -6.913372272681296 -6.913372272681296 
-6.913372272681296 -6.913372272681296 -6.913372272681296 -6.913372272681296 -6.913372272681296 2.7887595858532626 -93.55195337408443 -68.41418559178926 82.32816353370256 -0.09580957554263247 89.23092999265592 40.03677769918429 76.56823960411526 -5.20629035887675 34.493047514029264 -35.26156229788578 -2.7402575905922246 32.27612481089135 -19.8597418665397 -130.99497834095564 35.97198809731291 23.917902536435818 51.075892179049454 -18.28207742635852 -12.390493075109877 -2.9312432905523123 -6.913372272681296 -6.913372272681296 
-6.913372272681296 -6.913372272681296 -6.913372272681296 -6.913372272681296 -6.913372272681296 4.7827775320147765 -34.91123892955357 2.0397102830185116 76.4085792511602 -25.37974401020918 -62.922392273237996 66.6838053419809 42.48709045302608 -39.350252209191474 37.684792121025744 27.058071784935557 146.36611986730512 98.64505917071045 -2.6484505429479652 -58.895335729562824 19.443294243084296 26.944015852775124 15.040009514928325 41.959487584472306 -8.44137573541854 6.703467933868928 -6.913372272681296 -6.913372272681296 
-6.913372272681296 -6.913372272681296 -6.913372272681296 -18.41078886353244 -18.41078886353244 23.998407198760773 3.903830724533349 -9.40871837764223 125.08630673278805 65.94327039235145 43.53371834212958 129.52130044986365 89.67966792451168 157.26267299346665 14.01664269817865 51.05612085861467 120.36584237274333 21.68531904350293 -48.854923501046706 -2.084227238000943 -36.89239693971597 8.802021739493672 18.75491502530152 -8.36681298211279 28.396071329108274 -0.9549271326961024 -6.913372272681296 -6.913372272681296 
-6.913372272681296 -6.913372272681296 -6.913372272681296 -18.41078886353244 -18.41078886353244 59.03857947835032 18.345903608133312 -3.424374073864823 -51.03758098704099 14.953747078122918 34.21062126433514 -50.478396916159234 -98.68202294616282 53.201102956227494 -83.55287093126634 8.925521722679143 -47.68995026609465 83.42269342889583 -93.37150929281106 33.858270660651876 115.93314292908877 13.287412553122476 -30.80415162197056 48.35958885965115 20.926907083415166 8.96857620171173 -6.913372272681296 -6.913372272681296 
-6.913372272681296 -4.87084901349962 -6.913372272681296 -6.913372272681296 3.023162475089573 49.16122217739291 26.012949054303945 82.077499512224 -14.662670869465895 27.142724649448333 47.12454539938924 11.016045282948543 86.71047406480781 -69.01780974116078 -29.18205313741022 -49.55851846864157 -37.1358030000521 -28.038418750437614 -22.256255161274424 90.83555101241674 70.75105690136527 31.403749795486743 32.35918479044024 59.65647004599149 28.18985254688821 16.698644751500776 -6.913372272681296 -6.913372272681296 
-6.913372272681296 -14.794374754126956 -6.913372272681296 -6.913372272681296 3.023162475089573 40.10955168216227 29.66137912628954 41.349806754504705 27.43977495038024 -28.59620037206392 39.66226338616135 -14.904124903663181 10.600640778736437 -3.8451272870499986 -100.75100143913335 -21.1073260955051 -79.3935119244316 3.521004854395822 53.38433989101595 9.127256797322463 12.452090198467147 31.248470752067604 39.28679634047361 55.00240190658801 14.270341228448459 -14.90797936147985 -3.177336685418302 -6.913372272681296 
-6.913372272681296 -6.913372272681296 -6.913372272681296 -0.9588612255223039 8.977673522248569 32.455673131781964 -25.646544097058566 -12.76824410022606 8.541143722760015 23.403062603930643 -26.857289403388293 -29.303545380926117 24.653860871473086 47.75483512512971 -58.4876978589247 -18.647893761309398 -69.3144020255311 58.65239795456451 -25.97315544838223 16.429806886091818 53.86692928350076 10.290635488984613 35.75652950758842 47.47825105341624 10.75535873408041 -16.90797936147986 -3.177336685418302 -6.913372272681296 
-6.913372272681296 -6.913372272681296 -6.913372272681296 -6.913372272681296 8.977673522248569 32.455673131781964 -64.34616843025893 -32.26266722550353 -7.316987277714264 28.18089451315764 100.4279901530063 94.25960997732622 61.36796634975587 -88.47505179285656 -68.34756033105913 -137.78566350445934 87.24295077033304 -25.891372807313083 -52.69010174324516 -11.6253004029899 90.58100679006088 52.82253786720916 14.849602221287967 7.007394717393956 5.019323146817411 -2.960768367922647 -6.913372272681296 -6.913372272681296 
-6.913372272681296 -6.913372272681296 -6.913372272681296 -6.913372272681296 -6.913372272681296 -8.705966025330639 -62.86265796234235 -51.25903829472731 -11.85083784558751 20.500092899811 94.78118668286379 77.65719365361164 -19.163098490558326 -53.355334604353224 -69.78711168629746 -71.92613121115821 -93.83985870187476 -15.336429694653123 -21.84619055688779 98.6659132581324 59.25273624803312 53.40085538023251 26.530671945255527 1.0273032026538975 1.0273032026538975 -2.960768367922647 -6.913372272681296 -6.913372272681296 
-6.913372272681296 -6.913372272681296 -6.913372272681296 -6.913372272681296 -6.913372272681296 -8.705966025330639 8.886315593775578 39.814929643615606 33.859442716167955 74.44148582471726 44.150245523827145 36.47223132769239 -7.417993561013458 -45.37530914579633 -67.838409156528 -18.611765618194184 29.05116652131118 -11.424065697421938 -15.204351574025683 115.44122657444737 10.606144243419575 14.602077412898172 18.64581852575357 3.0233111866858318 3.0233111866858318 -16.838006479579214 -18.8380064795792 -6.913372272681296 
-6.913372272681296 -6.913372272681296 -6.913372272681296 -6.913372272681296 -1.01657849540943 14.53579237920868 18.519871933817143 31.991558546400867 -26.32103434319528 28.641630975337222 121.52813922199651 -37.62912100936074 3.5671142554747988 -79.67368795411141 -97.5191048675944 -20.665300281626315 -72.11454577054364 100.6213901136731 -22.10184801634277 84.65335101363848 41.967035250914996 12.649473508139526 16.693214620994922 1.0707072819271817 1.0707072819271817 -4.9133722726812925 -4.9133722726812925 -6.913372272681296 
-6.913372272681296 -6.913372272681296 -6.913372272681296 -5.008610367919391 0.9028073011356752 2.9028073011356748 26.585960835934323 32.35038973571705 10.974291355413996 6.8776292418576395 -19.98359749880695 -8.897558514672077 -17.80024934352036 -65.73623225995452 -57.835814432085435 -54.21539563154381 69.58889938836936 -89.55046218011896 44.596803781033124 27.74742172266712 94.58894786520321 26.480193158867777 -0.9253007021047546 18.689222605026856 1.0707072819271817 -4.9133722726812925 -4.9133722726812925 -6.913372272681296 
-6.913372272681296 -6.913372272681296 -6.913372272681296 -5.008610367919391 0.9028073011356752 -0.9286424638992707 18.952446391289286 42.28853213112961 4.480369776101854 48.33717871640655 -24.997530044075717 78.87441873618562 62.31289418175398 -45.15104889385403 -118.4587741397099 68.04179757948975 36.28162317539958 70.09569632477529 67.90978386902277 7.171465650349293 49.777752213169045 43.94234460054724 1.0548973176972258 20.66942062482883 8.962184639908585 -6.913372272681296 -6.913372272681296 -6.913372272681296 
-6.913372272681296 -6.913372272681296 -6.913372272681296 -5.008610367919391 -1.01657849540943 24.691003406298798 11.157397166583223 67.47917385990527 29.15704624769436 20.440799537140585 4.806249322739436 -1.8811410951836116 -34.756646992053405 -30.21560964985138 -97.45835160834807 15.662634558934576 112.23247854381682 -64.03920575359032 97.4673868490164 -22.60930198499907 -46.2800799491256 58.77172749663047 41.267274188527075 13.937226563080102 -5.601194130209485 -6.913372272681296 -6.913372272681296 -26.73902427965335 
-6.913372272681296 -6.913372272681296 -6.913372272681296 -5.008610367919391 -1.01657849540943 14.97872586068112 83.91732198789822 89.13490386264635 107.67761065932703 -26.001631534119973 -109.20132312706207 40.87432569500236 -49.65714779084356 7.267554991462046 4.529928652647359 -40.11227742598192 74.0722061084296 96.59592570701156 -89.30213332356195 -73.58155553836636 -74.96078142130904 0.944712529615873 19.938808165248254 -26.502404204969622 -44.1976754723245 -40.1774653923702 -6.913372272681296 -26.73902427965335 
-6.913372272681296 -6.913372272681296 -6.913372272681296 -34.305555667178744 -32.305555667178744 -8.871237110817408 -37.99834737347948 -28.951119248941417 17.52497064110697 30.709982524012688 -49.31996278260487 -61.006997320702716 -38.73659203983778 -13.744681990076066 -74.35866286248111 -35.63164929345324 -155.63347426139563 62.115318767226775 -51.867004351761956 -27.631782221951568 12.426243527411597 -43.45610220777491 17.94007100893474 2.6567751384468354 -42.24264125922577 -109.87196424031694 -6.913372272681296 -6.913372272681296 
-6.913372272681296 -6.913372272681296 -6.913372272681296 -36.21031757194066 -34.305555667178744 -10.449160885702366 -152.88279050606909 34.98153299610366 -0.9123861155022752 -83.75278257850829 39.58372239354902 41.841323740975305 28.443263184328718 -1.4772963951856621 59.63344083561076 31.02259736139753 -7.727806503183875 -15.240196193698631 69.2077692371935 23.551618308785727 -58.472922514302034 -37.41654628156217 -14.0537974682866 1.4520824247809587 -80.49516997913267 -74.65283690752929 -6.913372272681296 -6.913372272681296 
-6.913372272681296 -6.913372272681296 -6.913372272681296 -36.21031757194066 -36.21031757194066 35.5747329997863 -57.60190318651872 -63.72030336187398 65.10418161588709 53.09361357234737 22.415062371671688 39.09161506548278 -25.608538712102465 19.382096474369973 -97.56669079517243 34.25921840141232 80.4120262468173 -12.150510212013788 -24.17635398301593 26.74335965500908 -21.26301267337928 -96.04271907612471 -33.72068069522931 -43.53741243903216 -74.65283690752929 -76.65283690752926 -6.913372272681296 -6.913372272681296 
-6.913372272681296 -6.913372272681296 -6.913372272681296 -6.913372272681296 70.3412235190899 24.238537863223335 18.53073732346453 6.160887989841322 -25.87960529501531 -17.61103602405759 -10.42209755086993 73.93127565307209 55.68748345536205 53.28388202942282 -50.56770073654781 -9.65366958472925 -19.551462965668563 -57.52297576074313 -92.76616858701317 -45.65336766807703 -41.158849069108136 22.39439589517179 28.09501928082649 24.20205219581584 -6.913372272681296 -6.913372272681296 -6.913372272681296 -6.913372272681296 
-6.913372272681296 -6.913372272681296 -6.913372272681296 -6.913372272681296 70.3412235190899 45.329438246020736 16.12804920861184 51.79855374068823 47.53037322311702 42.408021461580965 -58.72689403192792 21.270610896902788 86.77859469128325 -50.594781914677604 33.784367196263474 -5.574580931881398 -27.211337398730272 31.704417065709354 -14.830527277732141 -15.872167457664032 -11.77735494243279 51.727342171849536 -6.913372272681296 -6.913372272681296 -6.913372272681296 -6.913372272681296 -6.913372272681296 -6.913372272681296 
-6.913372272681296 -6.913372272681296 -6.913372272681296 -6.913372272681296 -4.9133722726812925 -4.9133722726812925 8.876573447050887 16.872581431082807 22.932557218017166 42.22046291012473 61.813381735614534 34.54662517470718 21.08684922802248 68.02321190556154 56.17009796789275 47.48226505042174 7.001658679549446 -0.9993430438446282 -1.2766901584010457 -3.245194095408918 -5.190719387237713 -6.913372272681296 -6.913372272681296 -4.917364288649357 -4.917364288649357 -6.913372272681296 -6.913372272681296 -6.913372272681296 
-6.913372272681296 -6.913372272681296 -6.913372272681296 -6.913372272681296 -6.913372272681296 -3.0085366797904225 2.8765734470508804 0.946071516548951 16.679476712807322 16.679476712807322 20.64988819922938 16.675554536840444 20.671562520872378 3.0101219891789563 3.0101219891789563 -0.9858859948529803 -4.9133722726812925 -2.967846980852502 -2.967846980852502 -3.245194095408918 -5.190719387237713 -6.913372272681296 -6.913372272681296 -6.913372272681296 -6.913372272681296 -6.913372272681296 -6.913372272681296 -6.913372272681296 
-6.913372272681296 -6.913372272681296 -6.913372272681296 -6.913372272681296 -6.913372272681296 -6.913372272681296 -6.913372272681296 -6.913372272681296 -6.913372272681296 -6.913372272681296 -6.913372272681296 -6.913372272681296 -6.913372272681296 -6.913372272681296 -6.913372272681296 -6.913372272681296 -6.913372272681296 -6.913372272681296 -4.967846980852502 -4.967846980852502 -6.913372272681296 -6.913372272681296 -6.913372272681296 -6.913372272681296 -6.913372272681296 -6.913372272681296 -6.913372272681296 -6.913372272681296 
