1.917767004733599 1.917767004733599 1.917767004733599 1.917767004733599 1.917767004733599 1.917767004733599 1.917767004733599 1.917767004733599 1.917767004733599 1.917767004733599 1.917767004733599 1.917767004733599 1.917767004733599 1.917767004733599 1.917767004733599 1.917767004733599 1.917767004733599 1.917767004733599 1.917767004733599 1.917767004733599 1.917767004733599 1.917767004733599 1.917767004733599 1.917767004733599 1.917767004733599 1.917767004733599 1.917767004733599 1.917767004733599 
1.917767004733599 1.917767004733599 1.917767004733599 1.917767004733599 1.917767004733599 1.917767004733599 1.917767004733599 1.917767004733599 1.917767004733599 1.917767004733599 1.917767004733599 1.917767004733599 1.917767004733599 1.917767004733599 1.917767004733599 1.917767004733599 1.917767004733599 1.917767004733599 1.917767004733599 1.917767004733599 1.917767004733599 1.917767004733599 1.917767004733599 1.917767004733599 1.917767004733599 1.917767004733599 1.917767004733599 1.917767004733599 
1.917767004733599 1.917767004733599 1.917767004733599 1.917767004733599 1.917767004733599 1.917767004733599 1.917767004733599 1.917767004733599 1.917767004733599 3.913774988765536 3.913774988765536 1.917767004733599 7.791740968853401 7.791740968853401 7.791740968853401 5.896006371697005 9.864487254893746 9.864487254893746 9.864487254893746 1.917767004733599 5.905838575310143 5.905838575310143 3.905838575310141 1.917767004733599 1.917767004733599 1.917767004733599 1.917767004733599 1.917767004733599 
1.917767004733599 1.917767004733599 1.917767004733599 1.917767004733599 1.917767004733599 1.917767004733599 1.917767004733599 11.608260673406026 3.913774988765536 11.800021676654278 11.800021676654278 41.40242026630471 41.33713905409494 21.790532780117566 13.862339900861002 13.794636225385478 -7.500207455099604 -52.49739657174246 -35.028802336208535 14.192392092799263 29.56404332563725 25.546540320507567 9.823356922673142 1.917767004733599 1.917767004733599 1.917767004733599 1.917767004733599 1.917767004733599 
1.917767004733599 1.917767004733599 1.917767004733599 1.917767004733599 13.707180544023025 13.707180544023025 11.608260673406026 17.477753419329872 9.822483420963888 35.67102911123141 -1.5255486516392036 -3.859473383503386 24.967786769807525 -40.211131311455965 -14.243795713916622 -49.928473403117074 3.5881831057571816 9.789903890230299 1.6754370912047079 3.9769190827440424 15.689473109890299 11.142943551395337 -17.673309709745496 -48.50340571121233 -13.347998529683387 11.745854906287775 1.917767004733599 1.917767004733599 
1.917767004733599 1.917767004733599 1.917767004733599 1.917767004733599 15.707180544023023 15.707180544023023 29.239819575501016 23.35114634091991 8.108188006953057 32.12335452872834 -22.02206696202513 50.10925710896961 5.729047357665954 -98.10238583149628 -1.1498784177448285 -8.333711479794601 -27.815181367069506 -37.32827164675688 60.46515050078245 -9.817550728272781 -0.34645654097847434 -39.63530345879625 -9.931849683450572 -7.871570930854114 -13.362752139327608 13.745854906287779 3.917767004733599 1.917767004733599 
1.917767004733599 1.917767004733599 1.917767004733599 1.917767004733599 9.75640043566434 17.58260954348983 29.271067134285495 23.58620948838636 14.23134126430596 -9.729400620978303 1.4679700996789127 1.7859764916317318 60.67836894443308 -25.861470345505438 46.87688160047967 5.653540807946306 -66.99806067692705 -62.86263098443819 77.85849193461378 37.98807234150606 -4.0666932175747945 -32.01280122605533 -94.32675387450841 -2.1642685881643757 5.9884130522866945 29.490671159233848 5.917767004733602 1.917767004733599 
1.917767004733599 1.917767004733599 1.917767004733599 1.917767004733599 15.707180544023023 25.397674212695456 37.219782290341776 21.73868294592821 -24.884897811486915 31.41597828030094 -31.475215959597712 -20.7763729201451 -44.838423704027356 -54.50360176949706 -2.2090394033192924 -54.12070227697075 -66.51501680759371 -80.65102736765165 -29.44861492083296 -66.32314552406653 17.429741636753334 -2.7071913881387784 -37.35838826406367 -62.229986591192834 4.211441326585367 31.500043788052622 3.917767004733599 1.917767004733599 
1.917767004733599 1.917767004733599 1.917767004733599 3.9038643235022183 13.707180544023025 23.634638983852376 31.238898308296704 56.776074378417185 37.79878593701303 109.97059947436314 -11.81541141772978 -3.733153531702194 5.860870313638601 -20.16075084727069 -60.92191453197929 -9.636323895468536 -23.289899205705396 -57.03076007421506 -29.777258414072463 -52.50082345864501 15.99820800390807 19.881770572492528 -19.437766135088452 31.278473814575854 -42.387341723291364 37.308005124551435 5.876553316461091 3.9157690027355967 
1.917767004733599 1.917767004733599 1.917767004733599 1.917767004733599 13.707180544023025 33.31689155470512 54.678626328431655 0.22110277409436008 27.554144692473052 27.633630665280577 24.875046741145795 43.69501847443276 -4.65016457367344 -2.242632679935981 -1.8306356873547152 1.942108715922122 -47.19898281288619 1.6833369876592077 -81.04199764029353 3.061413921420769 -15.984360875327543 35.41723946328634 -92.04419403646936 -25.25694164759981 -54.6292683996001 25.51417681699668 5.876553316461091 3.9157690027355967 
1.917767004733599 1.917767004733599 1.917767004733599 1.917767004733599 13.707180544023025 -25.75789795642634 21.558782335224535 -17.751253598895467 33.109404128438115 32.87236264371797 35.4165620261909 28.847603807969193 -8.98085998400288 -13.9333705719114 -48.97950258130356 59.065987391754 58.38724924930262 -52.87178404294156 -15.875185199116082 3.614626246079289 11.384329513457608 3.8947203558689543 -60.65289732251728 -41.45479268138467 -68.65831188621415 3.9038643235022183 1.917767004733599 1.917767004733599 
1.917767004733599 1.917767004733599 1.917767004733599 1.917767004733599 23.45415459922888 -17.726915036537207 9.18649916065816 -43.18941592369449 50.84758707231202 0.20715366381045985 -37.14232508321026 -65.32068045285538 -1.0007379684977953 1.2924266808857525 18.82162407196349 27.433410139912986 5.649195787569411 -46.711147898859245 -19.440620290147862 48.8440357271402 -53.30686052678491 -23.642334860296444 -99.65923551606149 -57.40739572760963 -35.661789190048985 -5.991063524212168 -0.08223299526640027 1.917767004733599 
1.917767004733599 1.917767004733599 1.917767004733599 1.917767004733599 23.591857061036947 -53.22863457927759 -39.75786686266327 -29.75684626447719 2.016385556465899 0.3568424691444434 62.442598437702756 -27.693486126342123 37.20128006085482 43.12558920430015 70.39487242539259 39.45864439697301 63.55622082643764 37.88008958980448 -38.27533077579009 -87.59311939737516 -30.044496292978295 50.36485095008434 -69.14675194807079 -16.06140894463517 -33.55674942205071 -4.024495185962416 -0.08223299526640027 1.917767004733599 
1.917767004733599 1.917767004733599 -9.787240269655388 9.860756021704109 40.80294001415262 -41.554783976787114 -32.054997068717114 2.4175286597188403 -5.2993307453676755 -7.917665624190948 -30.622417319187427 -25.01018426487078 28.975388606545494 39.911357450254904 79.94764434761281 87.47099553799065 69.83704840005372 51.694479756225185 31.33947839005861 19.964409627162993 17.553547874730114 -15.68177124094186 -35.243427710685246 -77.08169782487279 -45.274133710735946 3.7273459683397645 -0.08223299526640027 1.917767004733599 
1.917767004733599 1.917767004733599 1.917767004733599 9.860756021704109 31.070085713285536 -66.79549671373799 -68.65497426361172 -37.07600173986538 -31.263426757363654 33.08320660718192 -39.13403509645635 -10.777969342425894 22.690815396499538 21.427645848584305 107.89930243508819 85.13655196534715 104.16621406856471 35.97162372117436 -13.73641980088653 40.56016498758941 0.2143075663460925 -9.771387404098023 -27.603540741701437 -45.13526727260706 -34.17490170874489 3.7607776300900104 1.917767004733599 1.917767004733599 
1.917767004733599 1.917767004733599 1.917767004733599 1.917767004733599 21.694338857964823 -49.349519900115105 -66.56736907311836 -117.17189781432292 17.202532613012913 -91.95292949540355 -21.78055788416585 -33.39256113330901 36.55918219339051 -0.06983485792445077 160.81346359196186 94.66484470977248 51.116162695653394 41.242234090810676 48.340906483223556 -15.783025085070348 -45.00346847314396 -15.17757092155193 -35.483426918307735 -23.539498117282733 -71.35542729327922 5.86068931988108 1.917767004733599 1.917767004733599 
1.917767004733599 1.917767004733599 1.917767004733599 3.917767004733599 49.07467936584437 -28.006608773878874 -68.69819159929486 -63.492189737732744 -48.907452000710386 -59.1240923364926 7.344900661009946 -10.575284752249967 -6.120457635103475 144.72303128254194 152.75348241267378 26.260802685429027 58.50544959794613 9.60790881571431 -5.972363517133151 52.38756237934275 -1.8249007554129233 23.29310297368292 -55.11144497464171 -46.288078468591785 -31.68578373753361 5.86068931988108 1.917767004733599 1.917767004733599 
1.917767004733599 1.917767004733599 1.917767004733599 11.885977378410029 6.3228510702566325 -6.407595136454362 -55.175187201835406 -35.539372654983005 25.179246373324027 -51.75742318909038 -47.48129829762076 -33.37342744354943 25.40772126839056 105.89741431673723 43.7253662833513 47.62146620679392 29.681607907250502 -0.09394893302311891 -42.76650097869627 -12.14125404772738 33.37130479129685 -7.669073029755695 -48.816594409408346 29.244942806289046 -27.69134831313439 15.74963511375699 1.917767004733599 1.917767004733599 
1.917767004733599 1.917767004733599 1.917767004733599 7.954726931677025 23.919026438787917 1.7181582257806227 -76.28683631151169 -39.42418548255607 -36.67486919175175 -70.90586138482352 -41.69022560369982 4.037813148206895 -3.3307694225693973 59.14160002947309 94.74462868204931 6.669566381202201 25.908945942201846 -43.096230841407866 -62.70516596047415 -20.949768939728564 -29.127908516395486 -66.22879929173618 -2.1202904820919803 27.33108438181062 5.691481096228125 9.935780952854799 1.917767004733599 1.917767004733599 
1.917767004733599 1.917767004733599 1.917767004733599 11.870316338394659 -20.825065711958942 34.75705087997496 -66.46106305853121 -42.77633112918168 11.145936142563453 0.9240916061768514 -68.75706331578085 -22.797481760465274 -42.33034688218407 10.294955480152392 43.295424849871715 -2.1732685158903733 19.379416699309573 18.76929520916513 -16.213186503034425 -21.863151380587432 5.881098479974983 -19.582246949767814 -4.384680514559223 31.177636900453628 27.6154802200277 7.939772968822861 1.917767004733599 1.917767004733599 
1.917767004733599 1.917767004733599 1.917767004733599 1.972613876769213 -33.06635049797845 -17.095946106240376 21.324565405649913 -5.822617336048529 -10.18879027024451 -32.455540036486155 -119.35131637225824 -8.179223925192874 -27.46469080666344 5.987395215819109 19.442314500488642 15.487554737384773 8.15841336807572 7.138398388084411 4.0882504013874525 49.70702343866352 49.3773457761532 -17.689661763747125 29.648436602200512 39.41991144583846 47.19534835928605 -0.08223299526640027 -0.08223299526640027 1.917767004733599 
1.917767004733599 1.917767004733599 1.917767004733599 -0.027386123230786596 13.544823867673973 -21.46222201438389 -10.005692657582635 -35.80036477446256 9.812417209493194 23.84018971676639 -45.21459690606495 -45.28165612855782 -33.41868784966422 36.5596220326616 38.81119195760193 27.386470857146094 -3.581442146725272 49.15552138768353 4.67150145234497 41.708357924581556 46.49604025501673 -7.715123746076438 2.2534595132232473 51.20207409940587 31.519328945140607 -0.08223299526640027 -0.08223299526640027 1.917767004733599 
1.917767004733599 1.917767004733599 1.917767004733599 -2.0134834419994068 9.823437051330597 -80.15559218114477 -27.483785941519145 -6.348054648111951 -12.220659323481009 -44.931846340584535 14.032494856683385 -35.28647684359346 4.066401452561562 -46.94294050938925 -23.33542905099948 -23.27984813392961 -6.032027501135517 78.24003239095505 41.85531428076316 74.47547837892067 -39.48699037531241 -7.702846763645001 17.83263215749289 49.12857869917071 33.347133287371314 -0.08223299526640027 -0.08223299526640027 1.917767004733599 
1.917767004733599 1.917767004733599 1.917767004733599 1.917767004733599 27.407555026371853 -32.72660451107657 -33.084658925843044 27.689963799279987 -58.36993925317022 -82.8209023860713 -130.97874839149048 -62.94584900840388 -76.49125727167886 -82.52697123764206 -54.26084786805749 19.63886357362798 -0.28751306993543047 -23.84021126609659 -1.9706629878802628 -25.748690735526253 -13.7960983944769 19.69739666080745 7.96230360550654 35.34713328737133 33.347133287371314 1.917767004733599 1.917767004733599 1.917767004733599 
1.917767004733599 1.917767004733599 1.917767004733599 1.917767004733599 9.846708391315563 15.818957740312902 12.163411106964116 28.01700756786267 23.927993514202043 23.99233220050204 -25.15963172305085 -29.08226594882693 -23.277181330399927 13.725336034343055 -19.004410383971262 -25.5369929092722 -8.063982069168194 23.33792782919287 -29.444385632212096 19.713247837312778 15.766266804374203 11.774234931864243 5.8331607853106435 1.917767004733599 1.917767004733599 1.917767004733599 1.917767004733599 1.917767004733599 
1.917767004733599 1.917767004733599 1.917767004733599 1.917767004733599 1.917767004733599 1.917767004733599 1.917767004733599 1.917767004733599 11.69828529480911 36.83247956358124 13.419529812901342 -10.096611766801182 -13.968733110311803 -3.891534613827062 -4.036611658937505 -23.50486187149987 17.61049252490917 1.917767004733599 1.917767004733599 5.901893988860587 5.901893988860587 5.901893988860587 1.917767004733599 1.917767004733599 1.917767004733599 1.917767004733599 1.917767004733599 1.917767004733599 
1.917767004733599 1.917767004733599 1.917767004733599 1.917767004733599 1.917767004733599 1.917767004733599 1.917767004733599 1.917767004733599 1.917767004733599 1.917767004733599 1.917767004733599 1.917767004733599 5.917767004733602 7.917767004733601 7.917767004733601 5.917767004733602 1.917767004733599 1.917767004733599 1.917767004733599 1.917767004733599 1.917767004733599 1.917767004733599 1.917767004733599 1.917767004733599 1.917767004733599 1.917767004733599 1.917767004733599 1.917767004733599 
1.917767004733599 1.917767004733599 1.917767004733599 1.917767004733599 1.917767004733599 1.917767004733599 1.917767004733599 1.917767004733599 1.917767004733599 1.917767004733599 1.917767004733599 1.917767004733599 3.917767004733599 3.917767004733599 3.917767004733599 1.917767004733599 1.917767004733599 1.917767004733599 1.917767004733599 1.917767004733599 1.917767004733599 1.917767004733599 1.917767004733599 1.917767004733599 1.917767004733599 1.917767004733599 1.917767004733599 1.917767004733599 
