-0.019303644310758927 -0.019303644310758927 -0.019303644310758927 -0.019303644310758927 -0.019303644310758927 -0.019303644310758927 -0.019303644310758927 -0.019303644310758927 -0.019303644310758927 -0.019303644310758927 -0.019303644310758927 -0.019303644310758927 -0.019303644310758927 -0.019303644310758927 -0.019303644310758927 -0.019303644310758927 -0.019303644310758927 -0.019303644310758927 -0.019303644310758927 -0.019303644310758927 -0.019303644310758927 -0.019303644310758927 -0.019303644310758927 -0.019303644310758927 -0.019303644310758927 -0.019303644310758927 -0.019303644310758927 -0.019303644310758927 
-0.019303644310758927 -0.019303644310758927 -0.019303644310758927 -0.019303644310758927 -0.019303644310758927 -0.019303644310758927 -0.019303644310758927 -0.019303644310758927 -0.019303644310758927 -0.019303644310758927 -0.019303644310758927 -0.019303644310758927 -0.019303644310758927 -0.019303644310758927 -0.019303644310758927 -0.019303644310758927 -0.019303644310758927 -0.019303644310758927 -0.019303644310758927 -0.019303644310758927 -0.019303644310758927 -0.019303644310758927 -0.019303644310758927 -0.019303644310758927 -0.019303644310758927 -0.019303644310758927 -0.019303644310758927 -0.019303644310758927 
-0.019303644310758927 -0.019303644310758927 -0.019303644310758927 -0.019303644310758927 -0.019303644310758927 -0.019303644310758927 -0.019303644310758927 -0.019303644310758927 -0.019303644310758927 1.9767043397211737 1.9767043397211737 1.9262216475180338 1.9262216475180338 1.9262216475180338 -0.019303644310758927 -0.019303644310758927 -0.019303644310758927 -0.019303644310758927 -0.019303644310758927 -0.019303644310758927 -0.019303644310758927 -0.019303644310758927 -0.019303644310758927 -0.019303644310758927 -0.019303644310758927 -0.019303644310758927 -0.019303644310758927 -0.019303644310758927 
-0.019303644310758927 -0.019303644310758927 -0.019303644310758927 -0.019303644310758927 -0.019303644310758927 -0.019303644310758927 -0.019303644310758927 5.9608313238481605 1.9767043397211737 15.125286107174931 15.125286107174931 15.074803414971791 30.903064210791015 48.40846003109515 40.94692045711542 29.05476808336776 9.613263840992063 3.9786983536912364 3.9786983536912364 3.9786983536912364 1.980696355689239 -0.019303644310758927 -0.019303644310758927 -0.019303644310758927 -0.019303644310758927 -0.019303644310758927 -0.019303644310758927 -0.019303644310758927 
-0.019303644310758927 -0.019303644310758927 -0.019303644310758927 -0.019303644310758927 -0.019303644310758927 -0.019303644310758927 5.9608313238481605 26.830764500016052 17.12528610717493 28.708378302787693 28.653903594616487 -54.68667964025368 -15.794208838012981 17.1339058212132 8.387693832229964 43.88825998976288 107.70107465452615 58.73557553241485 33.32900651001535 17.946829724973192 9.95680379477974 -0.019303644310758927 -0.019303644310758927 -0.019303644310758927 -0.019303644310758927 -0.019303644310758927 -0.019303644310758927 -0.019303644310758927 
-0.019303644310758927 -0.019303644310758927 -0.019303644310758927 -0.019303644310758927 -0.019303644310758927 11.683837629238317 25.383326004113364 56.69647424445545 -23.428957792849836 -100.86657349251605 -137.38884078384174 47.20383008049105 31.022494364903196 89.53638183958488 9.920157203112016 11.19634258206275 -51.01174419742778 145.52103096165308 205.9849397741823 80.64472996064781 21.773861693195393 27.3456165622214 33.003924486229124 11.637006277698942 -0.019303644310758927 -0.019303644310758927 -0.019303644310758927 -0.019303644310758927 
-0.019303644310758927 -0.019303644310758927 -0.019303644310758927 1.980696355689239 11.683837629238317 -60.18759452793301 -47.76935278579766 -104.11618341292267 -140.9467007501163 -19.500591274872285 44.716684868832864 89.20591490751703 -63.494214328565114 -21.038344294668406 -18.622055013567046 27.26233158162094 44.55994039986823 -56.56274977224182 -0.9881322593862139 82.28093083162533 13.934710066415496 15.818931728402113 -27.856745125160373 39.358247720027784 27.17330021597013 19.20503491881329 1.980696355689239 -0.019303644310758927 
-0.019303644310758927 3.85160610375238 1.980696355689239 -21.41547236517033 -14.963508902673775 -11.237970412872105 -103.84283423910809 -36.94369441074312 2.3907880557339847 -98.39016720096713 15.190360775942178 -86.89183785217465 14.105588172864621 -40.18061132928626 52.985683219275295 -43.813380409108106 -113.05077017591374 -60.106486327459514 -65.54065850403286 -19.584056233559146 67.67097074013716 -12.82445581292193 72.92710507500327 59.13523337380814 -9.156159772624777 26.902210578001586 1.980696355689239 -0.019303644310758927 
-0.019303644310758927 -0.019303644310758927 1.980696355689239 -19.415472365170338 4.580859369750733 -65.75574302139995 -106.57766967550758 7.0398373997867685 -135.63840105446283 -68.98545693664776 -46.22108131159361 11.409574978960029 17.273150704860146 25.781968568781835 -40.42375654789214 -110.23536332405841 -26.477585614277373 64.46684772954957 -74.24070063264993 12.354869927032986 2.1399695507259526 -125.4857645952832 111.29271938479836 89.95189446873961 5.384960213070708 42.249793097053555 1.9707461069330208 1.9707461069330208 
-0.019303644310758927 -17.69408061951829 -17.737893411335364 -4.127962034995261 -34.50852458361274 16.12266039470001 11.287538995228735 -21.79109330760044 10.251751060100926 -62.313143379230624 -89.46575283698682 -141.59955994070228 -80.6129316334099 46.891349276105856 -17.1247638066922 -48.59283826911027 -28.871297089959604 -89.77959572771961 -23.1999954817521 33.72624019493223 -77.48563775754535 -92.07937304891497 -49.865821222971434 -9.904636114806438 3.542780332503494 17.328278874741194 1.9707461069330208 1.9707461069330208 
-0.019303644310758927 -0.019303644310758927 -17.737893411335364 -89.75127327103932 -141.839490047848 -10.28573769486144 -18.447346083954425 -40.05774203857648 53.86064990076316 22.58429360594402 26.456350559449334 72.35510133531255 41.36816985786262 -10.200463327093141 -93.42874909462255 -107.18762113598346 -19.832191715151076 -119.36961926432072 -118.41835437953154 -8.895901146969939 -8.499970646513257 -36.81043963520256 -31.4304557101284 -57.01113044349798 -23.205531169420546 1.9747143018507538 -0.019303644310758927 -0.019303644310758927 
-0.019303644310758927 -0.019303644310758927 -21.73191135749689 -101.45476294537075 -66.82590648889192 42.62701891727534 19.39379092714738 -75.0964474951039 -65.77585496475035 18.855267216189407 -12.094213629608722 -10.272147685039146 -23.584917343339022 -42.45070628371692 -24.69533294626045 -160.08269430738397 -110.83230579186458 -84.51110102729315 -187.71365628985848 -82.15354964752727 22.781332418999433 -45.07987457228932 32.59554046171772 -12.742052724650312 -9.945160641251002 3.9747143018507534 1.980696355689239 -0.019303644310758927 
-0.019303644310758927 -0.019303644310758927 -11.633183344343292 -93.46088286568308 -57.418442599658285 78.88338839814664 33.18203852820609 -5.1956255377725835 -106.29009504491025 59.56665333160924 -48.93502571431252 -30.264277422593903 115.99334828061406 51.782144659839695 99.90927888961697 10.380278920567132 -65.25209190173409 -10.677249822989994 -59.42193406814281 32.248905540850224 -73.69863349180625 -60.74901039277646 -2.165797445107227 -29.47057709336029 35.29233906207434 1.980696355689239 1.980696355689239 -0.019303644310758927 
-0.019303644310758927 -0.019303644310758927 -3.8221074997661306 -108.40590682841419 -19.955425925694 2.2359692492757124 112.85663215781027 101.38230821967757 91.19146331744442 4.503588345850107 31.08222333173746 138.4309300559967 98.49102187562274 134.19729280269587 68.33531734139417 128.66735116422626 -81.40282869833648 95.64415837483658 -22.08359390024154 -28.332131052112416 -3.6260942880986993 -15.997205001775644 -6.18496120029945 93.52861730232438 39.91785881110547 -9.353982781965543 1.980696355689239 -0.019303644310758927 
-0.019303644310758927 -0.019303644310758927 -7.639165398181786 -90.83961931824835 -37.31779662704189 -51.16663024027272 -91.33915282864736 33.95653024063227 -15.908637666208342 76.44546347664787 50.111071893196865 105.57245114690436 49.811752380645395 -3.152988830246984 64.35161417024453 25.344658068500735 -60.65653110426253 158.1247671135648 22.933270219995805 -14.810288011703861 -38.540185316509564 -7.706811352219226 29.457338422540374 47.402757312324574 61.01912320657363 -30.440341089418666 -0.019303644310758927 -0.019303644310758927 
-0.019303644310758927 -0.019303644310758927 -0.019303644310758927 -61.570529229750726 -82.04403506648883 -33.66130948334908 4.220799567791362 3.502991088461076 -9.271261556954657 4.764813506776493 -71.90924622149969 42.208017912010696 190.76742791946012 144.4433789240251 99.12180301293729 60.72365753811698 38.77005321054471 -125.977139649481 -44.5146436701285 -69.21774231326346 -33.1162438220689 -77.31880418164108 72.86266606987961 -20.99648607056144 4.6650549405510615 -44.60586774877846 -0.019303644310758927 -0.019303644310758927 
-0.019303644310758927 -0.019303644310758927 -0.019303644310758927 -61.99010480378045 -25.708765450753475 -18.232376462826103 -37.31840918815292 50.99175243887425 -60.3691557532062 90.77974577662566 98.16344333142929 74.8477547731308 25.90601260053141 41.065676484729366 64.3655221689457 178.2350391436391 -2.434454255320359 -72.65259350035423 -63.01102878376061 -147.38314744526778 4.375207900987141 -2.4083573470867092 35.08709354770402 -6.825452735172287 61.97122049696332 -13.888940091691092 -0.019303644310758927 -0.019303644310758927 
-0.019303644310758927 -0.019303644310758927 -0.019303644310758927 3.4958672795799477 -56.36615238145408 33.3042899358013 -33.99439618097062 -33.46388309483843 -59.81637333708655 58.5242771978657 67.69644004617014 -10.441697250536242 -42.666716949852336 -4.228502373626335 -53.18540788089163 -41.66576627395967 -25.75837102707172 -52.20575278349907 6.609175182362695 62.83823446040226 35.01468678458814 81.8856554386327 92.73074089244817 4.92657566930922 10.742006219093485 -9.939622352899674 -0.019303644310758927 -0.019303644310758927 
-0.019303644310758927 -0.019303644310758927 -21.62552976432444 -27.624408228883432 -60.408177286069105 9.898849255240771 62.25989845895021 86.77822348872773 62.32299570758139 134.08026393167506 114.2809024691167 77.35319685057947 24.35074754969525 47.273947535820106 -47.37836187504192 -11.885410036447409 46.76498946871707 114.97556232982224 -35.678744204618106 -94.40010443995926 -28.74055331238312 -36.62059557180709 33.34980916661994 -6.592895246696222 -19.32855536259926 1.9300140944806623 -0.019303644310758927 1.9224439285047739 
-0.019303644310758927 -0.019303644310758927 -21.62552976432444 -13.866983663272217 36.563872448930184 91.21160519766791 157.02229437410224 124.0697864491061 79.25198691804802 37.6886907484439 74.66062007839353 -18.082966565636355 -31.212970380063382 -17.432337096162474 59.93630696806265 -1.6188519097580523 -64.38380113470782 101.48078356145307 29.044554476044503 64.98374528224761 55.997858050224416 12.407746760888623 84.21756971914989 48.59079928615677 -32.97967078590731 1.9300140944806623 -0.019303644310758927 1.9224439285047739 
-0.019303644310758927 -0.019303644310758927 -0.019303644310758927 3.85160610375238 50.324003038485166 93.53355347706325 75.17387154802121 22.5715024671129 6.168333266382121 17.874088185067002 30.726231835971724 -59.377577241900916 64.2216495315304 74.34013571732135 40.95315190044186 12.08367150707618 61.18802281898697 106.64494774666998 58.3330339832687 39.758507358903124 -1.3805124034376857 -33.895193222260545 41.24425293353695 93.28146009547139 19.34905948055976 1.980696355689239 1.980696355689239 -0.019303644310758927 
-0.019303644310758927 -0.019303644310758927 -0.019303644310758927 -0.019303644310758927 17.572671641119975 46.69924038532756 32.866090561454996 -2.596164418263636 -1.9185926617910827 -42.8817780357 98.95771539059616 -80.65306331995639 25.223232593687527 20.55230974366543 -30.887118299046143 56.01203467366954 130.44894679933182 -25.67572514948865 44.855592407027295 99.53048268585268 56.3201970929783 12.131777681725312 56.86305237346793 34.99989808779095 19.34905948055976 1.980696355689239 1.980696355689239 -0.019303644310758927 
-0.019303644310758927 -0.019303644310758927 -0.019303644310758927 -0.019303644310758927 15.69976389105883 9.72462002855467 54.788021464639236 23.999726183037573 -37.2517116612831 28.369720644673976 -57.684989147111274 11.008657328526064 -25.429658686041357 20.04492548976142 30.559918928273298 -18.570609102321228 -5.817458021181377 31.00947836664367 118.63950589363496 125.21417956361013 17.88655067331358 -13.339824575892559 66.31974449930406 43.04484547994095 13.7106675793587 1.980696355689239 9.729977798508918 -0.019303644310758927 
-0.019303644310758927 -0.019303644310758927 -0.019303644310758927 -0.019303644310758927 13.705248424393536 -11.82523675708934 -58.272377805632395 42.26151005223448 73.00747185278014 46.1173662803696 151.15214053633935 74.58320578116194 -80.57973088835006 65.06279504313034 -39.58332305903728 21.96336468816081 -82.42685832532119 92.81864666110879 66.82476912284898 135.4925261638901 65.04769324174467 66.47415325616868 66.41320609998542 45.04085346397289 13.7106675793587 7.729977798508913 7.729977798508913 -0.019303644310758927 
-0.019303644310758927 -0.019303644310758927 -0.019303644310758927 3.974706337723172 0.051873669385940846 -79.38569937591835 -114.95357021230716 -70.34596358810289 -94.024751572109 -18.71999544273244 93.31243186707574 -34.92827436804111 64.37955322238992 97.47331811388308 -67.35913994410592 35.72949662624136 25.799443092157958 -56.47881698788398 58.21419975562887 174.0147699846283 105.77215593926364 33.36905277767224 50.76236749275426 25.380661284334693 1.980696355689239 -0.019303644310758927 -0.019303644310758927 -0.019303644310758927 
-0.019303644310758927 -0.019303644310758927 -0.019303644310758927 -0.019303644310758927 7.824931826152253 -75.65590836583961 -49.45964202598028 -83.27099839785681 -54.833409630430275 -22.02261640780513 -110.0544999963932 -81.53404532863529 -45.47049607789237 -59.37731229819209 -53.011376815528 -23.621505958619675 -44.11445259349265 -84.90748014832236 2.9499667456202543 76.22937925095455 8.031951425085397 0.048364283054521895 33.09488988497915 23.39407421391467 3.9806963556892367 -0.019303644310758927 -0.019303644310758927 -0.019303644310758927 
-0.019303644310758927 -0.019303644310758927 -0.019303644310758927 -0.019303644310758927 7.705723168159364 -13.92224237476042 -0.9307871651828827 11.234438407009156 -12.251226629220694 -49.195555775137315 6.675626160572462 -31.88986945757714 -32.58303582288746 26.58034409637967 -31.022839936635012 34.67391834817079 -21.911342644811853 -101.15248213141034 -117.7404026891886 -103.61320746435881 -34.80399760087044 -17.277570071939724 -21.138768306122522 19.39806622988275 -0.019303644310758927 -0.019303644310758927 -0.019303644310758927 -0.019303644310758927 
-0.019303644310758927 -0.019303644310758927 -0.019303644310758927 -0.019303644310758927 -0.019303644310758927 -13.854832341698406 -27.679723212397562 -19.6677215926369 -19.6677215926369 -11.666816255720311 -15.652889824298835 -40.429988708732054 -38.42625197668092 -50.20123406911549 -56.14217004551457 15.039875699762872 15.012262287534076 -27.091480517581594 -0.019303644310758927 1.980696355689239 -0.019303644310758927 -40.55613818031602 -40.55613818031602 -0.019303644310758927 -0.019303644310758927 -0.019303644310758927 -0.019303644310758927 -0.019303644310758927 
