-5.86500448359078 -5.86500448359078 -5.86500448359078 -5.86500448359078 -5.86500448359078 -5.86500448359078 -5.86500448359078 -5.86500448359078 -5.86500448359078 -5.86500448359078 -5.86500448359078 -5.86500448359078 -5.86500448359078 -5.86500448359078 -5.86500448359078 -5.86500448359078 -5.86500448359078 -5.86500448359078 -5.86500448359078 -5.86500448359078 -5.86500448359078 -5.86500448359078 -5.86500448359078 -5.86500448359078 -5.86500448359078 -5.86500448359078 -5.86500448359078 -5.86500448359078 
-5.86500448359078 -5.86500448359078 -5.86500448359078 -5.86500448359078 -5.86500448359078 -5.86500448359078 -5.86500448359078 -5.86500448359078 -5.86500448359078 -5.86500448359078 -5.86500448359078 -5.86500448359078 -5.86500448359078 -5.86500448359078 -5.86500448359078 -5.86500448359078 -5.86500448359078 -5.86500448359078 -5.86500448359078 -5.86500448359078 -5.86500448359078 -5.86500448359078 -5.86500448359078 -5.86500448359078 -5.86500448359078 -5.86500448359078 -5.86500448359078 -5.86500448359078 
-5.86500448359078 -5.86500448359078 -5.86500448359078 -5.86500448359078 -5.86500448359078 -5.86500448359078 -5.86500448359078 -5.86500448359078 -5.86500448359078 -5.86500448359078 -5.86500448359078 -5.86500448359078 -5.86500448359078 -5.86500448359078 -5.86500448359078 -1.936970236222969 0.033473113530726684 -1.9565766377130551 -5.86500448359078 -5.86500448359078 -5.86500448359078 -5.86500448359078 -5.86500448359078 -5.86500448359078 -5.86500448359078 -5.86500448359078 -5.86500448359078 -5.86500448359078 
-5.86500448359078 -5.86500448359078 -5.86500448359078 -5.86500448359078 -5.86500448359078 -5.86500448359078 -5.86500448359078 -5.86500448359078 -5.86500448359078 -5.86500448359078 -3.865004483590785 3.894100181751038 21.355803921618474 46.79041938453938 37.03825617030461 54.57474613219588 27.187005669274967 34.80349348649819 17.44805828599722 46.478002933123655 38.911719406468876 27.15101373211416 -5.86500448359078 -5.86500448359078 -5.86500448359078 -5.86500448359078 -5.86500448359078 -5.86500448359078 
-5.86500448359078 -5.86500448359078 -5.86500448359078 -5.86500448359078 -5.86500448359078 -2.0186763862564874 -2.0186763862564874 1.981323613743511 5.973355486253472 56.3213829490041 -5.555452001265155 -14.253922100286708 -40.825040703832066 5.225558783749045 11.38414198577809 19.04474764622521 29.118865448226245 151.95738582645342 145.69140330251238 95.1718412175735 74.15309722974453 35.04024715418583 0.024228938480857165 -1.86500448359078 -3.865004483590785 -5.86500448359078 -5.86500448359078 -5.86500448359078 
-5.86500448359078 -5.86500448359078 -5.86500448359078 -5.86500448359078 -0.018676386256487598 -2.0186763862564874 7.9298340115032255 19.780450035458756 66.18146623274156 71.8404064597178 81.07825812212414 -63.36331575110976 -79.48359351677655 98.67469249606177 33.16210910254255 32.45998797454322 74.27738449684716 -7.736716709953882 9.328032875765413 76.84977055996083 -26.946512635253107 81.91321092733887 15.974564530488555 10.101204124289957 -3.865004483590785 -5.86500448359078 -5.86500448359078 -5.86500448359078 
-5.86500448359078 -5.86500448359078 -5.86500448359078 -3.865004483590785 7.863215769235528 60.17266660881277 18.38511806935945 4.921185197339866 -14.398428852067852 -30.73300050103954 -54.81212279033232 -49.49194487748408 -1.1522223562890148 -130.51887387299988 -60.04617631249823 -55.22237272747694 -12.647137836943841 -99.85239672422105 -48.83512729383782 26.632046837391968 10.080339023807202 1.8085704103515676 182.2713037812869 79.73676444147591 38.92134692017945 50.66233935789783 -3.865004483590785 -3.865004483590785 
-5.86500448359078 31.005244205175167 -5.86500448359078 7.739945809534839 45.944783377784304 -21.024517196400964 34.99578439400158 -49.93946332158918 4.635362859612064 -50.14195708444358 -22.03494967903834 62.22102678604963 25.364170657485765 -14.19374049655545 -123.54292452534634 -132.5286779928501 -148.55974979483764 -16.03508665443372 52.72569858896603 2.038833753125183 -44.67254649305492 16.255140761607922 76.30398663791998 18.720049859574026 51.11418916543587 58.66034135589981 17.87398995212962 -3.865004483590785 
-5.86500448359078 -5.86500448359078 -5.86500448359078 7.739945809534839 34.299068161035294 3.4850035346435577 35.49519172218457 -48.302396929069964 74.09957569063144 -96.09218501363182 70.09267747772992 -30.352284094765743 -83.33744392532574 -62.71434616281485 -108.8542927490058 45.146552738207596 40.671525833282274 -142.39843925236661 22.204174724985343 39.383348384699545 -88.95460651582025 -8.323478738938515 55.998161053907104 68.9604449513489 47.95868089304985 62.45709406701413 19.87398995212962 -5.86500448359078 
-5.86500448359078 -5.86500448359078 -3.865004483590785 0.03613620081986624 20.5675551298569 -27.02858671312012 26.757525351066484 14.67440703691878 39.09490710242128 -5.358208537653511 -46.11676206893078 -81.0098496460601 -44.26796992138357 26.716856616698323 -34.85165137743299 -40.095977881791704 16.36538677515046 56.07272161506476 -7.1594112457534935 51.32328906895457 -8.50561896712604 -33.29952225814756 94.73657193865142 34.13493709995547 72.57468485425446 48.59886264353232 13.87598795412763 -5.86500448359078 
-5.86500448359078 -5.86500448359078 -3.865004483590785 17.319162958540744 55.740523209082745 -89.78401832268202 -75.07066332020767 -17.0948764598042 -12.348705451377974 -135.36529133130622 25.72791071789208 -8.934490686635296 -4.094610756114028 -23.315037560687287 14.898474824056269 -19.21248165473827 -29.126114178796527 7.878615098708086 -34.53367577373202 -113.2565279482912 1.2745560844643171 -22.821235470157568 -13.408727915193985 -10.66309957097883 39.310387539944664 15.461354785076866 -3.981765312216022 -5.86500448359078 
-5.86500448359078 -5.86500448359078 0.12901346257073554 50.46830613994023 4.511462459949526 -38.98811741458484 -32.9846955768708 6.443746589512648 -4.116617952738398 -49.8046053235404 87.43650681672761 -22.16337025273598 -82.30514175857036 -9.260043476268201 9.666925763512987 6.932535663528715 28.237804316219673 -58.837434353081065 38.82539121397666 -86.80040263241918 -25.576431374628065 -115.13473322407808 -37.771494877095726 13.297465984319143 23.255117082975403 -51.64522926136967 -3.981765312216022 -5.86500448359078 
-5.86500448359078 -5.86500448359078 5.74887521644176 42.50396980571422 27.00207864136251 -34.337755429126695 -75.06796626851403 -81.4808938365988 -55.68221157030159 -89.26765545601415 -169.6474523333239 24.205922978945367 -1.3468285250621086 -28.06294686317608 -70.38312129920418 -32.96374636810829 -95.00301031160893 -66.93952322509367 -21.8538259215834 5.696386175412908 -13.788253709559102 -68.77205243963327 41.73904658541321 27.101109504082274 56.42550078632778 15.808716746021672 -5.86500448359078 -5.86500448359078 
-5.86500448359078 -5.86500448359078 3.6487966642196463 36.167729031252 -23.50558533619686 -8.085167418907968 8.636535394890256 -13.268173557120988 -84.16682812818311 -15.308229252502256 86.67312513924915 -44.39305628529731 9.448937773289082 27.226670721373083 -28.695421221342414 -32.55939414064973 26.396185957597545 -17.171644806245222 -50.12981808622758 -133.38900532197323 -8.321719789691969 -26.996605131416935 -14.607962475682786 23.514772237583074 42.633833729955136 15.465828416220097 -5.86500448359078 -5.86500448359078 
-5.86500448359078 -5.86500448359078 1.7548572702802503 22.561825422837053 36.492147375319696 45.07502407370624 81.73358885886654 -17.002361849405247 65.8811118318917 -37.674323401626 35.228530754681294 -27.64759646510247 23.302273359743594 -4.182193230695355 11.344714647412998 -18.115939947462117 23.412477559075306 -117.1367334494033 26.708544605125326 -20.191126450791906 -64.88131861234757 -60.7417018658612 -51.557512155947755 -19.709300544737026 60.15392341868516 24.64084077417219 -5.86500448359078 -5.86500448359078 
-5.86500448359078 -5.86500448359078 -5.86500448359078 32.64571057462061 -75.99612376673866 -56.770803945547144 16.207144691891777 115.14266412401284 -4.3350458534661 16.247525079877008 -6.427630350478258 76.80572006829821 -44.51198483169828 -23.887986202830874 59.18817398529361 -44.0328224036889 -31.044611991133003 -130.0464173000284 -22.387184796267903 12.86338105286439 5.3728270855170015 78.04496287507357 5.313536783397027 -2.047870484424254 103.16144290161313 13.219355821864337 -3.886859553302288 -5.86500448359078 
-5.86500448359078 -5.86500448359078 -5.86500448359078 7.684453018516089 -80.23690041639799 32.841285277304316 -14.309473096512209 -18.688283288333736 -53.68541776421469 -20.338966846923114 4.982928159429238 -21.541870591697943 44.72470307695842 82.21046502547951 45.01200205969803 32.884702245834546 -29.46835959672989 62.64057121919606 36.080745761324195 -18.823695972739937 130.65579288933355 -74.87411251712234 95.83688808101797 72.51100973952595 74.39338675483208 0.08758012398240145 0.11114244469971679 -5.86500448359078 
-5.86500448359078 -5.86500448359078 -7.863006481592773 -15.290411638510163 30.50301887837412 -62.28976369463602 71.80160998378607 50.94772959221148 -20.62075219391614 27.323599019939998 -12.93442435035664 -9.216713103673202 139.719339402274 -74.87641231944491 -61.427955736048354 -60.41537409912173 15.459346840719084 -41.98834442313748 65.32504348102461 19.263095097249355 -57.83896454811319 4.461803875341153 84.00315139274707 70.64714243559351 57.46810621497 2.0069659205275077 0.11114244469971679 -5.86500448359078 
-5.86500448359078 -5.86500448359078 -1.9753701286037109 2.0999016644248005 54.09099992819197 10.329822465755825 32.94632416906019 -14.107243051638907 -38.12386565457968 30.546054298798165 -40.21668915258566 87.58909196565534 107.359457372355 23.280053229272646 -94.78930694798336 -4.300168992066359 -152.160839494408 40.26925409397074 -22.21851773414361 -64.13845288850598 27.979917315978618 16.18867637103961 -30.38725826467764 -1.6191088920692869 -5.335486459546892 -3.9456186870456813 0.11114244469971679 -5.86500448359078 
-5.86500448359078 -5.86500448359078 0.02263186939829054 37.01320319076419 52.367812742451655 14.910352046633317 -2.5027283663186948 -16.649167682002716 -104.03773493024764 160.5530440304428 -14.51064112732167 -77.92167181920803 181.43435355355655 -2.8984195189365316 78.70297579042173 107.56378190162911 35.441332258883875 -33.36314818541755 82.64015963925095 -33.577421610350164 1.0972689108186326 98.73603750356722 42.85494713827176 19.954547062333056 -28.84612803485374 -3.9456186870456813 -5.86500448359078 -5.86500448359078 
-5.86500448359078 -5.86500448359078 -5.86500448359078 23.28255739163982 58.36750050729989 94.62139784723558 -46.507005167144264 -11.099403598770778 81.51548601804527 17.70028660504709 106.44561733111985 126.07265412900566 44.10392575726156 21.834668236263916 43.77254879865175 100.26489540131158 -7.615192107873686 -68.80533071530436 37.160019157610556 120.9606076376769 -21.23960079863472 32.52772903198435 44.791200676495 2.1554109694589183 -48.58271633757331 19.569610979330115 -5.86500448359078 -5.86500448359078 
-5.86500448359078 -5.86500448359078 -5.86500448359078 -3.865004483590785 29.280559389641823 65.47676351440577 20.965007670981322 -52.28281629186227 -42.525205717329364 37.473652895149165 -91.99493455434927 22.6105701751492 -7.876238424916686 9.89797843498986 75.07522541451276 -6.981929707954167 50.549503767672924 158.8256781051011 41.431387974785345 -38.98840937319263 25.95355918937704 68.8214814843556 23.21402049437686 -7.702927677753721 -50.547352879813 19.569610979330115 -5.86500448359078 -5.86500448359078 
-5.86500448359078 -5.86500448359078 -5.86500448359078 -5.86500448359078 4.0957060521933615 -22.414718805477378 -22.746779658350007 -52.15676347690407 109.45666733668926 69.46528743988915 0.8508469016978515 30.6485200550602 47.83739967452396 -23.078789950003134 -10.57835490586493 31.925004250516913 121.77686827000397 89.98018664016999 42.30795910161803 -40.65481690448012 5.8322930587771316 58.92646833761267 44.43536129216855 5.3641112807451945 -33.004837501894926 19.569610979330115 -5.86500448359078 -5.86500448359078 
-5.86500448359078 -5.86500448359078 -5.86500448359078 7.53744754764032 -44.66351591483352 -27.046021232791894 112.74799336803659 -58.01305674936456 11.46326976977852 51.79427711261176 25.927687794303125 83.70034399191528 3.154939488736912 44.537534729083426 57.966807403519816 -97.36567925260869 17.98054323420117 -50.90971651323503 -66.28796106864829 41.77437603816518 17.288744637752664 -77.13380719172643 -21.685611939998616 -70.58850966931203 -81.80613938380151 -5.86500448359078 -5.86500448359078 -5.86500448359078 
-5.86500448359078 -5.86500448359078 -5.86500448359078 11.492396708068945 -36.90348637452843 10.752944208528362 25.586412779096257 -4.941600333737974 17.354849355859816 -80.36998676098206 -35.03687419929378 75.15119143913535 90.00818689284768 83.87835822202894 62.630701093489535 21.50746437590307 -9.574558558544798 10.798038220407285 47.95403970012889 2.726779220517856 45.72798944132034 6.476401328089206 -123.49578824389192 -64.71328189162202 -7.909881481592773 -5.86500448359078 -5.86500448359078 -5.86500448359078 
-5.86500448359078 -5.86500448359078 -5.86500448359078 -3.8670024855887872 20.61640065828685 72.39143183660289 -93.41104066877784 3.712651044403626 -57.30203541041979 2.4905528520946962 -15.46126724878121 -75.98664524780195 -48.86710427648742 -58.29874858496461 59.91099739697761 -78.2777332151717 -14.380990222778589 -41.57752523652369 -51.53383000355408 -31.129882287110014 -6.214112586208425 -78.82774519929418 -109.65533778130339 -35.07736369125472 -19.66402479551241 -5.86500448359078 -5.86500448359078 -5.86500448359078 
-5.86500448359078 -5.86500448359078 -5.86500448359078 -7.8650044835907735 -17.5900312960609 -1.7608407399713706 -53.768346923562454 -75.6949232929449 -54.053317901683094 -36.074691090293896 -66.81959848471374 -29.897663391753355 -68.47941091160389 -109.95966508310477 -85.31494601520157 -49.64905060015408 -63.24710975723013 -94.83175540709837 -52.79439411722144 52.66274020165854 -30.32596813944903 -39.29042768138884 -40.99255768658113 -27.097256390452166 -5.86500448359078 -5.86500448359078 -5.86500448359078 -5.86500448359078 
-5.86500448359078 -5.86500448359078 -5.86500448359078 -5.86500448359078 -5.86500448359078 7.970524213796879 17.84463497613732 4.009106278749676 4.009106278749676 5.782508127818775 9.768581696397316 34.54568058083052 24.555901994235484 26.80735248574878 24.795716827734708 -34.52974041243839 -36.50212700020962 17.207172389680025 -21.06144984959228 -32.792435720214584 -17.5959903542131 11.110768241461596 11.110768241461596 -5.86500448359078 -5.86500448359078 -5.86500448359078 -5.86500448359078 -5.86500448359078 
