-10.740647975277916 -10.740647975277916 -10.740647975277916 -10.740647975277916 -10.740647975277916 -10.740647975277916 -10.740647975277916 -10.740647975277916 -10.740647975277916 -10.740647975277916 -10.740647975277916 -10.740647975277916 -10.740647975277916 -10.740647975277916 -10.740647975277916 -10.740647975277916 -10.740647975277916 -10.740647975277916 -10.740647975277916 -10.740647975277916 -10.740647975277916 -10.740647975277916 -10.740647975277916 -10.740647975277916 -10.740647975277916 -10.740647975277916 -10.740647975277916 -10.740647975277916 
-10.740647975277916 -10.740647975277916 -10.740647975277916 -10.740647975277916 -10.740647975277916 -10.740647975277916 -10.740647975277916 -10.740647975277916 -8.740647975277907 -8.740647975277907 8.825441045879078 6.825441045879079 -10.740647975277916 -10.740647975277916 -2.7665227283138467 18.808213930198097 18.808213930198097 -3.055430177741015 -10.740647975277916 -10.740647975277916 -10.740647975277916 -10.740647975277916 -10.740647975277916 -10.740647975277916 -10.740647975277916 -10.740647975277916 -10.740647975277916 -10.740647975277916 
-10.740647975277916 -10.740647975277916 -10.740647975277916 -10.740647975277916 -10.740647975277916 -10.740647975277916 -10.740647975277916 -8.740647975277907 -6.740647975277915 -6.740647975277915 20.8015643657014 18.8015643657014 -0.7466379932439808 16.900735222635674 24.621721058135766 1.3365229741425815 -8.545097271081337 -6.54509727108134 -4.8542808230040135 -6.740647975277915 -4.754550656509297 -8.754550656509286 -8.754550656509286 -10.740647975277916 -10.740647975277916 -10.740647975277916 -10.740647975277916 -10.740647975277916 
-10.740647975277916 -10.740647975277916 -10.740647975277916 -10.740647975277916 -10.740647975277916 -10.740647975277916 -10.740647975277916 -8.740647975277907 8.72451287088398 32.08674140171152 67.41385212768562 24.847380171739356 7.293191770927543 40.784332151249885 87.27260207869965 123.16460709232352 105.61771558060742 56.142861918797436 7.133584625533119 24.676957313179077 -2.930320158348155 0.8608904493951102 -33.945259023109024 -10.740647975277916 -10.740647975277916 -10.740647975277916 -10.740647975277916 -10.740647975277916 
-10.740647975277916 -10.740647975277916 -10.740647975277916 -10.740647975277916 -45.53845047258682 -39.8283628459309 -10.711787630369763 -14.525849668638525 3.024052363287752 -14.98151309883578 31.58014432196857 8.796261088587528 48.40410559662077 -1.538632585698457 15.629455271937937 12.138112821399076 87.5310333007644 -2.2330208881076388 4.495997781173426 2.9931736451530453 -98.48256214722427 -49.61199030770666 -57.22322553920357 2.903801070266593 4.903801070266593 6.884689819855706 -10.740647975277916 -10.740647975277916 
-10.740647975277916 -10.740647975277916 -10.740647975277916 -10.740647975277916 -47.53845047258682 -49.501610071842194 -14.776302060349504 50.72788732341252 -92.00385927028121 -28.328237125184348 -14.535625928155243 -7.483592063494385 29.897389945089106 1.1448007637343163 -0.2937447717130852 -0.26204995997748215 -42.0339566563058 1.7911997044634955 -48.111422342647515 15.068038147482842 -52.281731023096896 -12.464689551009606 -119.39360114976024 -33.771130913780205 3.440216785739744 10.800152142407722 -4.796113269743914 -10.740647975277916 
-10.740647975277916 -10.740647975277916 -10.740647975277916 -3.1484289779751338 -53.5093509125238 -79.15403688362476 21.957614684415855 54.97194705614416 -31.31238417331154 3.8351479543938645 -27.577586714721708 43.9923491332947 -6.876966106294705 21.836541154514716 136.94191589331206 -6.177886600814246 37.18797925637525 71.898440747798 -46.49062069933029 39.680027790933394 -65.56613070802412 -64.8484769912495 -63.79560154175961 -28.746954869477722 -72.88631503745526 -94.29900321958765 35.38004918829547 -4.796113269743914 
-10.740647975277916 -10.740647975277916 -10.740647975277916 -10.509357153165936 -39.45032341620584 -50.688961544921355 -6.412408827772237 97.49539981586712 -81.92888449067881 -40.97992287498685 10.128402787068364 87.84825413273005 37.9344987262637 68.70237171935018 111.83380268396645 22.623862343208398 117.23677459702604 29.480996095341002 10.038066380541817 88.64348824636745 -90.8758205665723 -68.1163499324558 -36.858611957693554 -10.86351527860602 -72.8821064617198 -89.85855088832234 -9.726059740580958 -4.796113269743914 
-10.740647975277916 -10.740647975277916 -10.740647975277916 6.6767524095370065 -41.846286977751014 21.692469618911172 -29.650563892573626 42.22230213142551 108.63492112290972 -12.386141297988832 32.96836758154956 -18.24221058324471 117.48390582526274 -40.25913871930531 159.63029030302658 -13.270105512620066 96.47303159834281 22.912251999311767 24.899167739113 49.04289870732859 -3.202314241253923 -10.644527780891755 -4.217020780944518 -49.46888835076874 7.325404605660947 -35.31785950545765 -9.320173268331821 12.327925218460315 
-10.740647975277916 -4.963730403086669 4.977941791746688 11.042559798977134 16.334679643925476 -12.65099067744518 -50.89297797469584 10.994252583629684 -22.200423574363594 84.6839788205673 -41.68175442627427 79.74250983390276 -97.6961535724394 116.37861396189986 73.23554122616399 -15.294803826833716 -40.229154894337206 -13.406119152668413 70.36292783906984 -74.11396019019344 -6.193515803913603 29.555501564108976 94.12561698481234 -12.730104248637627 13.019711285812118 25.97724550672518 -3.3827638860718787 -10.740647975277916 
-10.740647975277916 -10.740647975277916 4.977941791746688 57.99917154296355 69.57778290805827 117.37081236822503 71.32239011446802 36.29216452264249 37.27200061236207 -1.5047282602333552 -23.294517894346605 0.26010752229988077 -52.380185682268504 -40.58065912540885 173.681544594306 2.925117837641973 -1.572963145762489 7.7475128769071375 -10.457199326560547 39.135703307368225 52.30313451860562 -12.949955110425403 10.072474231216294 -15.937041586678628 32.28092752634665 -22.500061205434196 -4.839541658904517 -10.740647975277916 
-10.740647975277916 -10.740647975277916 3.2173784114649973 24.60897311822455 24.570533929242448 20.02174610771331 62.80513573902668 -74.05484373169196 -74.05168781792669 -193.57092760567426 17.171644733578812 31.888257583938664 -44.46261958026603 23.04722368184779 154.91710592816787 -27.09631714343831 -17.63546494902247 17.40873976926327 4.658094326499803 -12.305753218889524 -28.953301904263075 27.10066348273138 -23.729206776510598 72.91318793415363 62.39347785541652 46.84184382415761 -10.740647975277916 -10.740647975277916 
-10.740647975277916 -12.501211355559608 -12.501211355559608 36.337288315792904 -74.31302609899157 -123.35886171507146 84.26655588065678 -25.082336105903853 64.09055891692805 -24.659169637810184 33.604051404086945 -13.775307548792735 -111.0621847539568 -22.16973113068865 -56.56147558263034 56.09696401306952 -136.59748631964337 -16.345503894416847 10.437760170614833 -6.838916875650603 2.9359440737501536 11.478282212104222 -13.220198842594652 67.44691037360786 51.24939237002549 62.073452222669786 10.16245142652015 -10.740647975277916 
-10.740647975277916 -12.501211355559608 -12.501211355559608 22.61869854876824 -65.04376942371086 -51.794867998943005 -99.58024791466907 -15.991194140122241 -101.4901039556815 -51.17608561631254 -224.8119732306758 -68.00554178689468 -78.16762962594252 -67.83784043064274 -21.617892886058993 32.7444703284583 -53.388301419015534 -41.326136200995116 -66.35906256827023 -32.770518336776654 -35.544613393485506 -35.5057401104083 49.97017680553407 -9.248742412768618 30.02754154985598 22.21728857275345 10.16245142652015 -10.740647975277916 
-10.740647975277916 -12.501211355559608 -12.501211355559608 18.65831464701738 -64.80147364016896 -12.747685730034487 -65.48267525291203 -11.227908883858081 72.82173240691812 -10.855187003471116 -44.85236755572875 -46.66450820042131 -47.150600858315215 28.14869845305432 60.190292663617925 12.742504934947796 -27.891223143888677 -75.97072143714915 -39.398961524879 -105.89846511710438 -89.502724863327 -44.42587193142572 -42.85514980454582 31.80603134097053 4.552792608186819 20.97895592566928 7.067546079480469 -10.740647975277916 
-10.740647975277916 -10.740647975277916 -12.501211355559608 18.27758049872534 62.70158014042879 35.626047562710895 -46.75961681420717 -82.95358924903455 3.4167524395652595 30.387145304084928 -18.951993956920493 -46.50596295944885 -45.47354616189699 73.5409555139144 2.409056793020695 -87.89344740649229 76.63244905097086 -63.79802829506594 -17.482743006906087 -16.174608475488157 29.530147631823368 136.13393525734566 -32.69468378791513 37.30885181917929 31.202540261644923 18.978955925669286 7.022571628417382 -10.740647975277916 
-10.740647975277916 -10.740647975277916 -10.740647975277916 49.6722411871138 54.137031880899414 -62.25019488983551 45.995259298500784 -45.31783882906937 -113.79643145483605 -26.137061453840193 40.67229837894267 -28.648691328137627 6.232128866974857 -74.86990352746881 -64.9923120165757 -60.636768669663496 -137.30387984533564 -53.19576650211606 -9.715291368436986 -19.820641055408363 -98.5255649999525 -37.163471701678034 -44.092297196657896 -95.2457593880324 -57.8488891463947 56.73941468027775 7.022571628417382 -10.740647975277916 
-10.740647975277916 -10.740647975277916 -8.742645977275908 -2.823871285722893 96.53055500766182 -13.754208506553862 -11.663838620335309 -23.778755395965934 -22.953604046034968 -4.756477891999281 9.692366297245538 81.41928982838043 -17.617204696530315 -14.102906703043985 -18.823926973400706 -88.51200729133522 -39.454443348105116 -39.42664051169287 -39.34577841400586 -23.72296297716777 43.813416666723015 25.247924935154696 66.76999580397977 -28.746911693638868 -13.149413649711533 7.067546079480469 -0.8868402157734372 -10.740647975277916 
-10.740647975277916 -10.740647975277916 6.975943789748688 20.607629512074855 55.830941696642185 3.4048799137861545 112.58640797640628 -31.030096204115168 -0.5154072270880378 10.108821530516462 46.817324828750586 29.367884762131165 -37.424512128254875 -77.14870246593112 -18.0660256766112 -14.755295890098452 43.33366507331467 61.43430745351388 61.360774598228645 -21.041079654724697 99.03865093590515 -27.3917031117081 67.82141125905834 44.50152734480753 77.19915115798308 -0.8054512091722339 -0.8868402157734372 -10.740647975277916 
-10.740647975277916 -10.740647975277916 4.977941791746688 14.695315086169298 81.26275561354178 -11.93058849299937 36.297540701617066 154.5861401877325 45.816686904704625 39.489794226828835 73.84902833085376 60.54390081757384 5.879509740833616 -73.9285098710207 -22.595329546349003 -53.16092161212413 16.624565631616797 0.48592386727098025 15.196270381593393 -38.10474517591647 43.388168914015004 9.307052363018418 49.47104220325173 48.370323274787154 36.46930092298183 -2.805451209172232 -10.740647975277916 -10.740647975277916 
-10.740647975277916 -10.740647975277916 -10.740647975277916 -8.740647975277907 -6.381454232674398 26.882666219258898 -32.083908337172595 59.59729809113219 22.906137026445396 9.47667498126032 42.82043460470261 -1.7727041861722763 141.33384348385906 44.26142510246403 50.94380799009396 -91.31731606255012 -24.590113340543084 36.889566363742254 48.441899508631295 48.8729692973317 -61.1014053730912 13.732968621598218 21.730931431062874 7.246791888274822 20.557972967595557 -10.740647975277916 -10.740647975277916 -10.740647975277916 
-10.740647975277916 -10.740647975277916 -10.740647975277916 -8.740647975277907 -4.744639991245981 34.25709580274429 51.59260685300204 7.482406922806571 75.21804888695318 54.93627882555451 73.28255582551444 99.50562991055291 33.985072024528975 46.426531713104296 -23.906272200784823 42.86906905807545 -13.681970763878088 45.63463990491984 36.46325829915699 -38.627854737085 -51.47040580723059 44.40171085065616 -44.06949210157673 -10.701470604859995 20.557972967595557 -10.740647975277916 -10.740647975277916 -10.740647975277916 
-10.740647975277916 -10.740647975277916 -10.740647975277916 -10.740647975277916 -8.740647975277907 8.980932002184755 77.0441960611386 19.156429038160706 100.47914488751273 -24.65280040682754 42.01612022390541 4.566753931039792 52.57810017935354 5.9968535748311735 87.99776781105219 37.13875468604434 -67.59781390855532 -88.36310778862766 29.906405488366005 -54.94761622924413 10.364224213079687 11.238286794123894 -35.72122364938446 -24.550890575037247 -8.84247353557669 -10.740647975277916 -10.740647975277916 -10.740647975277916 
-10.740647975277916 -10.740647975277916 -10.740647975277916 -10.740647975277916 -4.838700806615254 -2.8406988086132516 -8.703894228116317 5.093236984899403 -47.56413411017269 -105.64862518262073 20.778931867260464 -12.609820784229278 85.39704997546794 -44.30034817220847 54.42442182202464 14.495601275942562 33.0368890652296 -120.3170475753697 62.24879592103647 25.36412932574704 1.7203694947930352 -27.826385682096504 -3.322592629566522 -9.310037236118209 -30.230567004413867 -10.740647975277916 -10.740647975277916 -10.740647975277916 
-10.740647975277916 -10.740647975277916 -10.740647975277916 -10.740647975277916 -6.8387008066152495 -4.840698808613254 -12.583186453997907 72.89915692833992 -5.291914685688304 -10.403540241532085 31.914883393182006 -46.621684294982444 4.627305300808568 -33.371730466265554 -37.91132680080568 -16.8389258625016 66.6817093301507 -59.23885450506149 69.66401400847433 -3.4433161066220253 12.479856917228354 -44.73984827012414 26.34960935098297 -3.2241361092388923 -20.622987687545123 -10.740647975277916 -10.740647975277916 -10.740647975277916 
-10.740647975277916 -10.740647975277916 -10.740647975277916 -10.740647975277916 -6.8387008066152495 -6.8387008066152495 57.46200641705654 63.14583032984802 104.26529017043897 34.30324158762109 41.89115550990378 120.09858170368462 84.15466941661735 93.06634922030322 -21.570668312531 16.721535591736068 9.600908242992315 48.16258168605849 40.62999496063166 -17.066545129411587 11.73776051340197 -13.664568906946645 51.60045478585769 -47.847592563711075 -45.734346054058136 -10.740647975277916 -10.740647975277916 -10.740647975277916 
-10.740647975277916 -10.740647975277916 -10.740647975277916 -10.740647975277916 -10.740647975277916 -8.846708581338518 4.938501892375657 14.712809078361335 -1.0352257079449294 13.962112466316206 23.998847835124014 20.252713573993123 10.709975947412445 50.918377293295976 101.36526810006141 73.39556040565834 65.9919037697746 101.48267035937234 80.03322962727363 2.7672897796434786 8.797235896076149 20.337375301166187 20.337375301166187 -8.925765942610038 -10.740647975277916 -10.740647975277916 -10.740647975277916 -10.740647975277916 
-10.740647975277916 -10.740647975277916 -10.740647975277916 -10.740647975277916 -10.740647975277916 -10.740647975277916 -6.789867866919235 -0.9663407892922358 -0.9663407892922358 -10.740647975277916 -10.740647975277916 -10.740647975277916 -6.75260811873602 0.7709234821852691 8.723495116598446 2.8649086094960756 4.864908609496077 -8.740647975277907 -8.959704075010773 2.771281795611543 0.9903378953444022 -6.74463999124598 -6.74463999124598 -10.740647975277916 -10.740647975277916 -10.740647975277916 -10.740647975277916 -10.740647975277916 
