-3.0706337885820556 -3.0706337885820556 -3.0706337885820556 -3.0706337885820556 -3.0706337885820556 -3.0706337885820556 -3.0706337885820556 -3.0706337885820556 -3.0706337885820556 -3.0706337885820556 -3.0706337885820556 -3.0706337885820556 -3.0706337885820556 -3.0706337885820556 -3.0706337885820556 -3.0706337885820556 -3.0706337885820556 -3.0706337885820556 -3.0706337885820556 -3.0706337885820556 -3.0706337885820556 -3.0706337885820556 -3.0706337885820556 -3.0706337885820556 -3.0706337885820556 -3.0706337885820556 -3.0706337885820556 -3.0706337885820556 
-3.0706337885820556 -3.0706337885820556 -3.0706337885820556 -3.0706337885820556 -3.0706337885820556 -3.0706337885820556 -3.0706337885820556 -3.0706337885820556 -5.070633788582058 -5.070633788582058 -22.636722809739048 -20.636722809739048 -6.977017903637274 -6.977017903637274 -14.951143150601343 -9.093710632946024 -9.093710632946024 -7.029420100309543 -7.029420100309543 -3.0706337885820556 -3.0706337885820556 -3.0706337885820556 -3.0706337885820556 -3.0706337885820556 -3.0706337885820556 -3.0706337885820556 -3.0706337885820556 -3.0706337885820556 
-3.0706337885820556 -3.0706337885820556 -3.0706337885820556 -3.0706337885820556 -3.0706337885820556 -3.0706337885820556 -5.068635786584056 -5.068635786584056 -5.070633788582058 10.346162150821193 -17.19605019015811 -36.54249840551717 7.941214367249866 -23.24386458930725 -44.62969488257247 -30.568090426877063 -53.93035842991841 -34.16149703253751 -39.93192106550821 -5.163847273099889 -24.99716355037014 -18.997163550370125 -14.99916155236814 -3.0706337885820556 -3.0706337885820556 -3.0706337885820556 -3.0706337885820556 -3.0706337885820556 
-3.0706337885820556 -3.0706337885820556 -3.0706337885820556 -3.0706337885820556 -3.0706337885820556 -5.068635786584056 -7.068635786584053 -18.86828366458998 -16.55094262161719 -12.494026450966032 -34.240966789095346 -0.9483710648008522 20.38888307073215 7.956549358785401 -40.706589092743364 21.71866303878035 -19.558245539034104 -4.727368268406591 -11.820635793073563 -52.297552561540506 -63.497122933075595 -7.474130621825304 31.71113441233541 39.816558795241384 16.605033401864645 -3.0706337885820556 -3.0706337885820556 -3.0706337885820556 
-3.0706337885820556 -3.0706337885820556 -3.0706337885820556 -3.0706337885820556 2.6906538132750324 -14.983612823047935 -32.44670846911886 -24.821026428046494 24.704074383032967 -16.270636109942416 -27.455694119634693 22.469204854549226 41.87184736766167 -40.03124563259782 30.800093868853537 20.047483755186946 -4.5467735388404265 -30.426690385361255 -79.2495190782652 -19.748772523401655 -106.20243829362607 -117.51760650931121 14.398087457071625 4.743919622083025 11.074501887088719 10.532170138299943 -3.0706337885820556 -3.0706337885820556 
-3.0706337885820556 -3.0706337885820556 -3.0706337885820556 -3.0706337885820556 2.6906538132750324 -9.061667230430423 -28.846218103945667 -18.844375201223237 18.882865887353702 3.9872642647628753 40.22944989177475 -74.6316861799589 8.423178347611588 39.732615040490614 35.04815204579041 106.9367273150853 34.5357414404333 19.213964753958827 -5.778758636673449 -18.40262276093746 -77.83922125965867 -1.1947899694474209 8.013683157072428 -57.72479885736559 -34.10351706435483 -36.59706832533876 -50.19987225222075 -3.0706337885820556 
-3.0706337885820556 -3.0706337885820556 -3.0706337885820556 18.509471957675476 24.27075955953257 16.516440513829114 -19.026771754135858 18.39455135372248 19.954336369655564 12.821402938831682 33.95056596144194 4.938453917065382 73.18577593559405 44.12999551486521 -14.102964970640254 11.302974941306786 -97.69723407498012 22.110229913308075 34.06023775846507 -1.095472687535003 37.459382435254746 36.752383044956815 -3.517781531286402 -25.303156708941707 -28.788886508874157 -13.614425905108908 -9.415765836812874 -18.92698512074685 
-3.0706337885820556 -3.0706337885820556 -3.0706337885820556 18.509471957675476 24.27075955953257 16.486296120063948 39.868362984854606 65.68174787101051 114.83698076719216 30.234307373986496 -28.12064455689442 12.210834719531972 116.58691274345767 -59.159309648437464 1.6948523886544271 169.25113748922882 78.82948127774637 59.208517185260256 44.77457424955299 27.158610734535834 59.117309948698235 11.48959504006384 -18.325404743940858 -3.520156138906308 -22.787230284003016 21.708986465206188 -5.082143099261175 -18.92698512074685 
-3.0706337885820556 -3.0706337885820556 -3.0706337885820556 18.509471957675476 32.25680937820405 -1.2895919099681625 20.347465009488154 68.02082168008968 6.868008139493628 102.44214233629066 51.764772081928804 -18.446478059476558 66.00719597932957 -43.886577267470024 11.995045502607375 21.198857302101977 66.22166603626661 13.4111467955099 87.7019754196254 40.92792531487539 47.92849732480922 67.8179351742685 18.40764923409241 -22.507211034754917 53.36182952123906 71.11078007350287 2.748595118230077 4.773391069192389 
-3.0706337885820556 -3.0706337885820556 -3.0706337885820556 0.9233841575794605 28.3423670685655 30.132333721893694 -6.2787939605944905 -0.851473595472514 -40.169544550458106 34.50180247794253 30.227196538881273 71.86750095860276 132.19413784489177 -3.227286192392522 0.6116457921241714 73.34631612408276 38.49036155060333 137.43831525085446 143.137505803718 116.3934948438835 82.88011647300797 90.81835874954197 81.37129877961135 55.38947315919844 84.81471915933801 34.2634567936536 12.662273624041852 -3.0706337885820556 
-3.0706337885820556 -3.0706337885820556 -3.0706337885820556 0.9233841575794605 28.3423670685655 40.018828707281955 -37.86083419597934 20.329931680306792 -26.266437941599648 -18.000607185313733 4.664919734968411 -21.91500122616108 -3.2709158558417304 21.36986661728111 -22.335275311734165 0.9259404079827722 105.37369966030946 138.72555292034116 25.754679565542737 10.80979227475216 89.28977015007055 56.463444762320385 77.7562580069731 45.91338396904627 -18.857491515840337 16.696633795415515 0.869115782235477 -3.0706337885820556 
-3.0706337885820556 -3.0706337885820556 -3.0706337885820556 0.9233841575794605 57.734693214547 -12.902846658528219 -18.406217245801045 -40.0800268892057 -25.079928800657434 -17.097283367507103 32.807105496040336 84.97809067085026 112.21674007979055 8.716178476451457 58.10015236318924 79.3002372822103 138.3372551421039 -17.16096390422605 -4.251482825518807 32.35132036026294 -8.877383953888003 4.895802905296001 -5.1157815118911705 -10.65894350511999 -22.704957780257004 53.643183619879466 -3.0706337885820556 -3.0706337885820556 
-3.0706337885820556 -3.0706337885820556 -3.0706337885820556 2.885852115959766 46.02435345342967 -26.762795251566267 -47.93045247268264 -61.54915193090226 11.141529464915408 4.699953915907302 -105.20001091979523 -5.285101580577794 -42.20495955051721 14.319335011850718 73.71328785134929 9.363289841558583 33.45898675981636 64.09831334169165 75.92658476421107 103.9830084283507 53.849394779408016 24.74493410232948 -92.80454431292358 -59.63211560792883 -53.73448368421911 39.73796889628115 20.078774013343583 -3.0706337885820556 
-3.0706337885820556 -3.0706337885820556 -3.0706337885820556 2.885852115959766 16.689101276787234 -3.1898594292101423 -55.708539681288826 -13.117410755328812 3.4698720317141074 -57.72855028878584 -58.21387867442281 -23.91878987870394 11.53728120164445 -28.14675487462425 49.84180997603148 -19.462724452683 16.545135426084187 -23.456919040183266 -47.48161059313859 3.1428194030483976 -61.19570686085194 -44.47342457568383 -56.22180107289372 -15.48838503574003 -75.60625116049485 -29.96598409085108 20.078774013343583 -3.0706337885820556 
-3.0706337885820556 -3.0706337885820556 -3.0706337885820556 2.885852115959766 2.978472053266974 -15.551915387919719 -22.468257734488972 -34.44485792999103 -34.101806619746384 -1.41251356626018 -50.405727511542814 26.05244150971518 28.714071101118726 4.913928097086795 -131.97541358575486 -25.583605478950417 -43.15993594699926 95.9797165224345 16.86709580970628 32.71830819054748 -4.947262101798333 -101.15030148070602 -130.97978903314745 -29.770700292885543 -30.857463521157804 -23.69287134993501 18.491771326237668 -3.0706337885820556 
-3.0706337885820556 -3.0706337885820556 -3.0706337885820556 2.885852115959766 2.956711420230378 25.72058503097721 -59.76543625406858 -40.13460329776815 -33.537245970025104 -44.81614436984898 -0.849864020320694 49.11897840814645 4.13921839192966 -2.6390115819062725 -6.736824992014415 -37.48389896793861 -15.163623133963366 -6.512836887816124 -11.049113809287512 -28.18847197748554 39.97450129671553 -40.972890102394906 24.067462727692707 -73.75635972177236 -29.89919524249796 15.47833106921833 43.75875025644573 -3.0706337885820556 
-3.0706337885820556 -3.0706337885820556 -3.0706337885820556 2.885852115959766 -8.713086031435608 -19.082867097841877 30.189108369187814 -6.831947773204939 -3.449895822715013 -52.16229120373475 -62.24925903395624 -76.37591187821867 -34.718153849679084 -43.78284833154972 -41.71076696359369 92.90381936173912 -56.78012536705271 20.553325254146756 -5.239670040710872 -24.490131200747598 -56.87869306635042 -34.036181323670284 -49.99044797383291 -22.460434622735583 -18.66171640568436 -6.180312214983705 43.75875025644573 -3.0706337885820556 
-3.0706337885820556 -3.0706337885820556 -3.0706337885820556 -3.0706337885820556 28.433186201042552 4.712327995861351 7.091249554295495 17.059613206817055 -76.5891648637811 -57.70866444029588 -69.96441776912988 -56.99498679630067 -82.48262066261552 -31.71856179297597 42.16366434844289 50.71372663434554 -47.322781785081936 44.33507362292558 42.113701153370975 -77.42053589519222 0.31155256423677724 -24.047606396615542 14.68960098733648 -30.72859979077178 44.40628463513724 3.22255197267502 20.48977332423968 -1.0706337885820554 
-3.0706337885820556 -3.0706337885820556 -3.0706337885820556 -1.0706337885820554 22.530649518657185 28.26902016078001 42.40364371995517 31.25834311824683 8.796396553868707 -72.12249510108558 -26.82546421537831 -95.58481510553963 -135.91065658336987 -89.03419234591743 -24.1523008628224 -22.105981607658208 -1.4409521546106043 -8.932053685421955 -11.096008782073795 30.528894180469997 74.54478879575133 6.822271259626707 40.15949984209557 26.299729275125642 22.65017730646774 -6.450132984271501 20.48977332423968 -1.0706337885820554 
-3.0706337885820556 -3.0706337885820556 -3.0706337885820556 -1.0706337885820554 12.595885709873723 6.913198311888533 50.74502127108398 -16.8455949092523 16.596129881594585 -23.505226658415623 -58.25035655625425 -75.94248763201969 52.70563064374137 8.773331027255857 -104.31549840826568 -11.014645069653689 -29.69608630058088 -47.988415801313586 -5.992076100857665 39.183538930241895 -56.25379770850072 -28.174996408879387 21.065130495095467 -77.31409929771715 -22.260510378041943 0.87636312508834 2.874365123090339 -3.0706337885820556 
-3.0706337885820556 -3.0706337885820556 -3.0706337885820556 -1.0706337885820554 14.719382928048809 32.20058265532714 59.91679223172333 84.43381843654393 -19.921967357916955 -78.75878490971567 -84.54740663894009 -86.72203503596162 -102.32842710698779 -62.3406613042658 -101.24879630168203 -47.53666209198819 -20.845538405618775 -67.53739978372674 -25.293483768870303 -37.07015749901801 -22.093405109812124 85.42607391190455 -36.58764211687841 -2.524462288397234 12.702230678775116 -8.683247073290307 0.87636312508834 -3.0706337885820556 
-3.0706337885820556 -3.0706337885820556 -3.0706337885820556 -1.0706337885820554 8.812596412566643 38.008189623255184 20.065533187552482 3.872761624258608 4.971587068604456 -26.290101663878467 4.684678603535461 -55.88608157774848 -160.235777577722 -12.69933320495075 -107.15111712115709 -30.83132079897021 -77.10053533010151 -46.19829180592877 -97.17935528945276 -24.44499016918938 8.90195333675392 17.01936774658519 11.255165041692635 35.989403714488205 22.316136649501665 4.7185353904674 0.87636312508834 -3.0706337885820556 
-3.0706337885820556 -3.0706337885820556 -3.0706337885820556 -3.0706337885820556 -1.0706337885820554 16.345534469192273 35.59004453815033 -11.656584594114221 -46.384071878083596 -116.06388519471452 45.20000707378347 -18.660285864034307 57.73829825987046 2.8672667992524667 47.70334764648127 -32.24415565380354 -16.761837614152697 -53.00193877360709 -57.37237564245937 7.516263476090113 23.17790564938329 71.48617626127225 47.759319292963745 30.120461208200318 16.369139735831247 0.7715384767970049 -3.0706337885820556 -3.0706337885820556 
-3.0706337885820556 -3.0706337885820556 -3.0706337885820556 -3.0706337885820556 -1.0706337885820554 12.444393784781628 33.556564509451015 41.30833923563152 18.126364614143434 45.79704125453175 43.50797675930601 32.2037352186854 4.545529563195572 30.598862531722528 28.368388539891434 -23.914912381965166 38.24446566337148 74.38090394290157 11.96492351303019 -31.230653198653567 11.260795409632742 34.306108453496336 18.51899934296216 16.51899934296214 12.526967470452181 -3.0706337885820556 -3.0706337885820556 -3.0706337885820556 
-3.0706337885820556 -3.0706337885820556 -3.0706337885820556 -3.0706337885820556 -1.0706337885820554 0.9293662114179452 14.388868633917571 16.386870631919578 28.280475036438432 32.48034314342836 38.529690261238784 54.33556078617287 67.74619055617174 85.63143762478316 87.47072382919069 36.63819513510129 36.663597053759034 26.808946041020093 36.1166938110094 32.069070145330556 16.31850966593324 4.893936547669694 0.9293662114179452 2.9213980839279046 -3.0706337885820556 -3.0706337885820556 -3.0706337885820556 -3.0706337885820556 
-3.0706337885820556 -3.0706337885820556 -3.0706337885820556 -3.0706337885820556 -3.0706337885820556 -1.0706337885820554 -1.0706337885820554 -1.0706337885820554 -1.0706337885820554 0.9076055783813469 0.9076055783813469 2.9056075763833444 2.9056075763833444 2.9273682094199422 16.439081605266193 16.43708360326819 8.895555044926617 6.895555044926616 4.8975530469246165 4.456406122850373 6.4564061228503755 0.9293662114179452 0.9293662114179452 -3.0706337885820556 -3.0706337885820556 -3.0706337885820556 -3.0706337885820556 -3.0706337885820556 
-3.0706337885820556 -3.0706337885820556 -3.0706337885820556 -3.0706337885820556 -3.0706337885820556 -3.0706337885820556 -3.0706337885820556 -1.0706337885820554 -1.0706337885820554 -1.0706337885820554 -1.0706337885820554 -3.0706337885820556 -3.0706337885820556 -1.0706337885820554 -1.0706337885820554 -3.0706337885820556 -3.0706337885820556 -3.0706337885820556 -3.0706337885820556 -3.0706337885820556 -3.0706337885820556 -3.0706337885820556 -3.0706337885820556 -3.0706337885820556 -3.0706337885820556 -3.0706337885820556 -3.0706337885820556 -3.0706337885820556 
-3.0706337885820556 -3.0706337885820556 -3.0706337885820556 -3.0706337885820556 -3.0706337885820556 -3.0706337885820556 -3.0706337885820556 -3.0706337885820556 -3.0706337885820556 -3.0706337885820556 -3.0706337885820556 -3.0706337885820556 -3.0706337885820556 -3.0706337885820556 -3.0706337885820556 -3.0706337885820556 -3.0706337885820556 -3.0706337885820556 -3.0706337885820556 -3.0706337885820556 -3.0706337885820556 -3.0706337885820556 -3.0706337885820556 -3.0706337885820556 -3.0706337885820556 -3.0706337885820556 -3.0706337885820556 -3.0706337885820556 
